# from 3DIGARS data, Dec 22, 2016 ... phi and psi range divided into 36 bins each of size 10 degree
ALA
51 181 154 109 72 43 31 21 39 62 72 20 2 1 0 0 0 0 0 0 0 0 0 2 0 0 1 0 0 0 2 0 0 0 0 12 
116 293 494 308 173 88 77 86 126 213 298 198 29 3 0 0 0 0 0 0 0 0 0 0 0 0 0 0 0 0 0 0 0 0 2 13 
79 342 742 657 361 254 199 197 230 336 622 772 244 19 1 0 0 0 0 0 0 0 0 0 1 0 1 1 0 0 0 1 0 3 3 12 
24 199 470 581 447 334 361 293 281 394 678 1297 722 53 3 1 0 0 0 0 0 0 0 0 2 0 0 0 0 0 0 1 0 0 0 5 
9 46 141 289 284 326 364 323 358 345 464 1010 896 151 9 1 0 0 0 0 0 0 0 0 0 1 0 0 1 0 0 0 0 0 0 2 
5 13 72 141 181 237 243 234 235 227 337 309 281 82 16 3 0 0 0 0 0 0 0 0 0 0 0 2 0 0 0 0 0 0 0 0 
4 11 23 53 106 95 131 135 157 152 116 70 41 13 6 7 1 0 0 0 0 0 0 0 0 0 1 0 0 0 1 0 1 0 0 1 
2 8 11 22 62 78 53 80 80 73 39 15 4 0 0 0 1 0 0 0 0 0 0 0 1 1 1 0 0 0 0 0 1 0 0 2 
1 6 18 19 26 30 38 39 44 56 17 5 0 0 2 0 1 0 0 0 0 0 2 3 1 0 0 0 0 1 1 0 0 0 0 0 
3 7 10 15 46 44 30 18 24 46 22 3 1 0 1 1 0 0 0 0 1 2 3 0 2 0 0 0 1 0 0 0 0 0 1 0 
4 6 19 26 43 68 14 9 39 108 65 4 1 0 0 0 0 0 0 0 3 3 2 4 2 1 0 0 0 0 0 0 0 0 0 0 
1 9 13 45 45 48 11 7 27 82 37 3 0 0 0 0 0 0 0 0 3 5 10 13 3 1 0 0 1 0 0 0 0 0 0 0 
0 3 12 20 39 16 8 8 16 58 28 5 0 0 0 0 0 0 0 0 0 5 48 58 7 2 1 0 0 0 0 0 0 0 1 0 
1 1 21 19 30 22 15 15 12 23 14 1 0 0 0 0 0 0 0 0 0 9 76 174 25 0 1 0 0 0 0 0 0 1 0 0 
0 1 3 29 35 31 24 10 30 16 5 0 0 0 0 0 0 0 0 0 0 1 29 146 46 8 0 0 0 0 1 0 0 0 0 0 
1 0 1 16 23 45 52 52 43 19 5 1 0 0 0 0 0 0 0 0 0 0 6 75 68 12 0 0 0 0 0 0 0 0 0 0 
0 0 1 9 25 46 69 96 149 62 14 6 1 0 0 0 1 0 0 0 0 0 0 24 66 13 0 1 0 0 0 0 0 0 0 0 
1 1 0 6 15 21 56 149 310 341 95 18 1 1 0 0 0 0 0 0 0 0 0 8 15 24 12 0 0 0 0 1 0 0 1 1 
1 1 0 5 9 32 54 133 313 657 461 163 14 2 0 0 0 0 0 0 0 0 0 0 4 16 14 1 0 0 0 1 0 0 0 0 
0 0 1 4 10 42 35 78 218 592 1186 1359 189 7 1 0 0 0 0 0 0 0 0 0 1 3 6 0 0 0 0 0 1 0 0 1 
0 1 1 9 7 23 37 54 112 353 1067 3283 1331 45 1 0 0 0 0 0 0 0 0 0 3 2 1 0 1 0 0 0 0 0 0 0 
0 0 2 5 5 8 21 41 75 288 1509 9453 3677 207 14 0 0 0 0 0 0 0 0 1 1 1 0 0 0 0 0 1 0 0 1 0 
1 1 0 2 5 3 7 18 57 156 838 11304 6734 384 22 1 0 0 0 0 0 0 0 0 0 2 1 1 0 0 0 0 0 1 0 0 
1 0 1 3 14 11 3 12 21 52 113 617 862 217 30 5 0 0 0 0 0 0 0 2 0 2 0 1 0 0 0 0 0 0 0 0 
0 2 0 1 5 3 7 9 9 12 9 28 46 29 13 5 1 0 0 0 0 0 0 0 0 3 0 0 0 0 0 0 0 0 0 0 
0 0 2 2 3 3 5 5 1 5 8 5 8 10 6 2 2 0 0 1 0 0 0 2 0 0 0 0 0 0 0 0 2 0 0 1 
0 2 0 1 0 3 1 5 3 6 2 2 1 2 0 1 1 1 0 0 0 0 0 0 0 2 0 1 0 1 0 0 0 0 0 0 
0 1 1 1 2 3 5 8 1 0 3 0 1 1 1 1 1 1 0 0 1 0 1 1 1 0 2 0 0 0 0 0 0 0 0 0 
0 0 2 1 4 3 2 2 2 1 1 1 0 1 0 0 0 2 0 1 1 0 0 0 0 0 0 0 1 0 0 0 0 0 0 0 
0 0 2 4 9 7 1 2 1 1 0 1 0 0 1 0 0 0 0 0 0 2 5 8 4 0 0 0 0 0 0 0 0 0 1 0 
0 0 3 1 2 0 0 8 1 0 0 0 0 0 0 0 0 0 0 0 0 0 6 11 1 0 0 0 0 0 0 0 0 0 0 0 
0 1 0 1 2 1 2 1 4 0 0 0 0 0 0 0 1 0 0 0 1 1 12 22 4 1 0 0 1 0 0 0 0 0 0 0 
0 3 1 1 3 1 0 1 1 1 2 0 1 0 0 0 0 0 0 0 0 1 5 12 4 2 0 0 0 0 0 0 0 0 0 0 
0 0 5 2 4 3 5 4 10 3 2 1 0 0 0 0 1 0 0 0 0 0 0 3 0 0 0 0 0 0 0 0 0 0 0 0 
6 10 16 10 8 5 2 4 4 5 4 4 0 0 0 0 0 0 0 0 0 0 1 1 1 0 0 0 0 0 0 0 0 1 0 0 
35 40 29 26 16 21 11 10 11 25 20 5 2 1 0 0 0 0 0 0 0 0 0 0 0 1 0 1 0 0 0 0 1 2 0 9 
ARG
20 90 134 70 70 72 60 33 31 26 23 5 2 0 1 0 1 0 0 0 0 0 0 0 2 1 0 0 0 0 0 1 0 0 0 1 
30 201 271 198 163 192 172 87 74 93 98 55 10 2 0 0 0 0 0 0 0 0 0 0 0 2 0 0 0 0 0 0 0 0 0 8 
19 92 219 291 368 302 161 131 107 174 240 249 51 13 1 0 0 0 0 0 0 0 0 0 0 3 2 1 0 0 0 0 0 0 0 2 
13 56 157 278 448 356 277 161 191 264 332 399 164 16 3 1 0 0 0 0 0 1 0 1 1 1 1 2 0 0 0 0 0 0 0 1 
11 29 99 245 401 374 370 303 379 308 339 430 321 68 7 3 0 0 0 0 0 0 1 0 0 0 1 0 0 0 0 0 0 0 1 0 
4 8 49 107 320 296 284 313 235 217 231 190 136 31 5 2 0 0 0 0 0 0 0 1 0 0 0 0 0 0 1 1 0 0 0 0 
3 2 25 49 98 126 133 165 165 139 86 37 27 11 5 0 1 0 0 0 0 0 1 0 1 3 0 0 0 0 0 0 0 0 1 1 
1 3 14 25 41 69 67 87 76 100 28 5 3 1 1 0 1 0 0 0 0 0 0 0 1 0 0 0 0 0 0 0 0 0 0 0 
0 1 6 19 27 43 42 24 31 44 12 1 1 1 0 0 0 1 0 1 0 0 0 0 2 0 0 0 0 0 0 0 0 0 0 0 
0 3 3 11 34 35 15 12 45 35 11 1 2 1 1 0 0 0 0 0 0 0 0 0 1 1 1 0 0 0 0 0 0 0 0 0 
0 1 5 18 32 34 8 56 215 55 10 0 0 0 0 0 0 0 0 0 2 3 0 1 6 0 0 0 0 0 0 0 0 0 0 0 
0 0 2 11 37 37 7 13 23 34 11 3 1 0 0 0 0 0 0 0 3 4 20 18 3 1 0 0 0 0 0 0 0 0 0 0 
0 0 3 30 64 30 6 6 14 12 2 2 0 0 0 0 0 0 0 0 0 9 52 47 5 0 0 0 1 0 0 0 0 0 0 0 
0 2 0 10 35 26 9 8 4 10 2 0 0 0 0 0 0 0 0 0 0 3 71 161 20 0 0 0 0 0 0 0 0 0 0 0 
0 0 3 5 21 57 29 20 7 0 3 0 0 0 0 0 0 0 0 0 0 0 41 250 75 8 0 0 0 0 0 1 0 0 0 0 
0 0 0 18 35 52 38 64 32 9 2 1 1 0 0 0 0 0 0 0 0 1 4 50 169 10 1 1 0 0 0 0 0 0 0 0 
0 1 1 18 49 54 107 165 122 36 13 1 0 0 0 0 0 0 0 0 0 0 0 6 53 18 1 0 0 0 0 0 0 0 0 0 
1 0 1 7 25 68 93 188 308 149 49 10 1 1 0 0 0 0 0 0 0 0 0 4 17 28 4 0 0 0 0 0 0 0 1 0 
0 1 2 2 16 60 132 156 327 341 288 179 6 0 0 0 0 0 0 0 1 1 0 2 2 20 16 0 0 0 0 0 0 0 0 0 
0 0 1 1 10 72 82 121 298 348 509 570 59 2 0 0 0 0 0 0 0 0 0 0 0 3 4 0 0 0 0 0 0 0 0 0 
0 0 1 8 15 37 63 66 126 234 568 1219 360 13 1 0 0 0 0 0 0 0 0 0 2 0 4 0 1 0 0 0 0 0 0 0 
0 0 0 1 19 28 54 46 76 173 840 4409 1420 67 6 0 0 0 0 0 0 0 0 0 0 0 0 0 0 0 0 0 0 0 0 0 
0 0 3 2 3 22 18 38 47 86 544 5187 2972 175 22 1 0 0 0 0 0 0 0 1 4 3 0 1 0 0 0 1 0 0 0 1 
0 0 0 3 3 13 11 18 31 37 102 456 583 134 17 1 0 1 0 0 0 0 0 0 2 4 0 0 0 0 0 0 0 0 1 0 
0 0 0 0 3 2 7 13 6 14 17 29 40 131 5 4 2 1 0 0 0 0 0 0 3 0 0 0 0 0 0 0 0 0 0 0 
0 0 1 0 1 1 1 3 5 5 3 2 3 13 6 0 0 0 0 0 0 0 0 0 2 1 0 0 0 0 0 0 0 0 0 0 
0 0 0 0 1 1 3 0 2 1 0 0 1 0 0 0 0 0 0 0 0 0 0 0 0 0 0 0 0 0 0 0 0 0 0 0 
0 0 0 0 0 2 2 3 1 0 1 1 1 0 0 0 0 0 0 0 0 1 0 1 1 0 0 0 0 1 0 0 0 0 0 0 
0 0 0 0 3 0 0 1 0 1 0 0 0 0 0 0 0 0 0 0 0 0 0 2 0 0 0 0 0 1 0 0 0 0 0 0 
1 0 0 0 3 4 1 2 0 0 0 0 0 0 0 0 0 0 0 0 0 0 2 4 7 3 0 0 0 0 0 0 0 0 0 0 
0 0 2 0 0 1 9 2 0 1 0 0 0 0 0 0 0 0 0 0 0 0 5 12 7 1 1 0 0 0 0 0 0 0 0 0 
0 0 0 1 0 1 0 2 1 1 1 1 0 0 0 0 0 0 0 0 0 0 5 5 1 0 1 0 0 0 0 0 0 0 0 1 
0 2 0 0 1 2 1 0 0 1 0 0 0 0 0 0 0 0 0 0 0 0 1 3 2 0 0 0 0 0 0 0 0 0 0 0 
1 0 0 1 0 1 0 4 1 0 0 0 0 0 0 0 0 0 0 0 0 0 1 10 5 0 0 1 1 0 0 0 0 1 0 0 
0 2 3 1 2 3 3 3 3 4 3 0 0 0 0 0 0 0 0 0 0 2 1 2 1 1 0 0 0 0 0 0 0 1 0 0 
2 6 12 12 15 14 11 11 7 7 4 2 0 0 0 0 0 0 0 0 0 0 0 0 0 2 0 0 0 0 0 0 0 0 0 1 
ASP
29 108 154 131 59 37 47 64 142 249 390 57 8 8 0 0 0 0 0 0 0 0 0 0 1 0 2 0 0 0 0 0 0 0 1 3 
28 112 207 148 58 32 61 79 117 169 334 180 18 8 1 0 0 0 0 0 0 0 0 0 4 3 0 0 0 0 0 0 0 0 1 1 
18 78 135 97 51 77 107 127 134 219 375 423 112 6 4 1 1 0 0 0 0 0 0 1 2 3 3 0 0 0 0 0 0 0 0 4 
4 52 74 52 63 77 137 144 156 229 386 659 311 24 0 0 0 0 0 0 0 0 0 2 1 1 1 0 0 0 1 0 0 0 0 1 
7 42 70 48 60 69 153 205 276 285 369 527 497 74 10 2 2 0 0 0 0 0 0 0 0 0 1 0 0 0 0 0 1 0 0 2 
4 19 60 67 67 110 123 217 324 339 376 381 304 97 16 0 1 0 1 0 0 2 2 0 0 1 0 0 0 0 0 0 0 0 0 1 
11 19 74 100 117 191 240 323 456 520 513 314 106 18 9 8 0 1 1 0 0 0 0 0 1 1 1 2 0 0 0 0 0 0 0 1 
3 29 89 128 155 228 305 407 511 614 299 153 17 2 7 2 3 0 0 0 1 0 0 2 0 5 2 0 0 0 0 0 0 0 0 2 
2 17 81 101 125 102 143 162 235 348 139 17 6 0 0 1 1 1 1 0 0 0 0 1 2 4 1 0 0 0 1 0 0 0 2 1 
0 10 50 75 72 69 62 65 140 255 104 11 0 3 0 0 0 0 0 0 3 3 5 5 6 2 0 0 0 0 0 0 0 0 0 3 
4 16 71 85 69 41 17 22 83 204 117 11 1 0 0 0 0 0 1 1 1 5 8 10 4 5 0 0 0 0 1 0 0 0 0 0 
1 7 36 49 34 25 26 11 47 118 69 9 0 0 0 0 0 1 0 0 4 8 45 54 9 2 0 2 0 0 0 0 0 1 0 0 
0 2 7 14 16 27 14 8 38 59 20 1 0 0 0 0 0 0 1 0 3 16 162 221 44 5 0 0 0 1 0 0 0 0 0 1 
0 5 5 27 39 32 35 22 41 26 4 2 1 0 0 0 0 0 0 0 2 7 212 517 77 6 2 0 0 0 0 0 0 0 1 0 
1 0 10 20 44 98 125 71 45 17 5 1 0 0 0 0 0 0 1 0 1 1 50 347 173 12 0 0 0 0 0 0 0 1 0 0 
0 1 4 17 55 112 193 203 140 44 10 4 1 0 0 0 0 0 0 0 0 0 5 105 188 26 0 0 0 1 0 0 0 0 0 0 
3 1 11 37 67 161 246 469 494 220 49 7 1 0 0 0 0 0 0 0 0 2 3 21 118 44 0 0 0 0 0 0 0 0 0 0 
1 0 3 21 101 247 292 428 844 789 333 33 2 1 1 0 0 0 0 0 0 0 0 3 39 49 6 1 0 0 0 0 0 1 0 0 
1 1 6 15 26 44 107 234 524 697 742 220 11 1 0 0 0 0 0 0 0 0 0 2 10 25 6 0 0 0 0 1 0 0 1 0 
0 0 0 3 12 16 48 154 250 454 738 815 104 6 0 0 0 0 0 0 0 0 0 0 4 5 6 3 1 2 0 0 0 0 0 0 
0 0 3 1 3 30 53 121 205 323 673 1483 438 19 2 1 0 0 0 0 0 0 1 0 2 1 2 0 0 0 1 0 1 0 0 0 
1 1 1 1 3 20 35 82 154 252 1345 4316 1582 146 2 1 1 0 1 0 0 0 0 0 3 4 1 0 0 1 0 1 1 0 0 1 
1 0 1 3 2 2 21 36 74 122 450 3952 2879 282 11 5 2 0 0 0 0 0 0 0 2 5 1 0 0 0 2 3 0 0 2 0 
2 0 0 3 2 5 15 29 20 40 94 288 467 123 16 3 1 2 0 0 0 0 0 0 3 6 0 0 1 1 1 0 0 0 0 0 
0 1 0 1 2 8 5 15 12 14 20 11 31 22 11 6 2 1 1 0 0 0 0 2 4 10 1 0 0 0 0 1 0 0 1 0 
0 0 4 2 4 2 3 12 9 4 8 3 3 4 2 2 0 0 0 0 0 0 1 0 7 6 0 0 0 0 0 0 0 0 0 0 
0 0 1 1 3 3 2 5 1 7 1 0 0 3 0 0 1 0 0 0 0 1 3 0 1 1 0 0 0 0 0 0 0 0 0 0 
1 0 0 3 4 3 4 4 14 5 2 0 1 2 0 1 0 1 1 0 0 0 2 2 2 0 0 1 0 0 0 0 0 0 0 0 
0 0 0 1 1 0 9 2 0 1 0 0 2 0 0 0 0 0 1 0 1 1 1 7 2 1 1 0 1 2 0 0 0 0 0 0 
0 1 0 2 0 1 4 1 5 2 0 0 0 0 0 0 0 0 0 1 0 1 7 5 3 1 1 0 0 0 0 1 0 0 0 0 
0 1 0 1 1 0 1 0 0 2 1 0 1 0 0 0 0 0 0 1 0 1 11 37 7 0 0 0 1 0 0 0 0 0 0 0 
0 2 0 2 1 0 1 3 7 1 1 0 0 0 0 0 0 0 0 0 0 0 3 20 3 0 0 0 0 0 0 0 0 0 0 0 
2 12 5 0 1 2 3 10 8 2 1 1 0 0 0 0 0 0 0 0 0 0 0 2 5 1 0 0 0 0 0 0 0 0 0 1 
2 17 10 7 8 5 7 13 10 8 3 2 1 0 0 0 0 0 0 0 2 0 1 2 1 2 0 0 0 0 0 0 0 0 0 0 
13 14 66 43 42 36 20 23 59 84 68 3 2 0 0 0 0 0 0 0 0 0 1 5 5 1 0 0 0 0 0 0 1 0 0 0 
15 76 100 97 62 43 56 94 150 313 265 12 3 0 0 1 0 0 0 0 1 0 0 1 1 1 1 0 0 0 0 0 0 0 0 2 
ASN
25 135 290 180 78 57 46 72 103 152 144 26 6 3 0 0 0 0 0 0 0 0 0 0 0 3 0 0 0 0 0 0 0 0 0 2 
18 71 133 122 87 89 78 121 115 147 213 114 23 1 0 0 0 0 0 0 0 0 0 0 2 1 0 0 0 0 0 0 0 0 0 1 
3 43 94 113 121 123 83 118 155 152 194 172 73 3 1 0 0 0 0 0 0 0 0 0 1 0 1 1 0 0 0 0 0 1 0 2 
6 45 64 87 98 160 179 173 159 216 262 299 135 15 0 1 0 0 0 0 0 0 1 0 0 0 1 0 0 0 0 0 0 0 0 4 
7 27 50 74 105 164 175 202 216 264 346 302 246 52 2 2 0 0 0 0 0 0 0 0 1 1 1 0 1 0 0 0 0 0 0 3 
2 19 67 98 93 115 188 367 349 314 250 198 149 60 7 2 1 0 0 0 0 0 0 0 0 0 0 0 0 0 0 0 0 0 1 0 
2 24 52 174 158 144 211 379 369 376 292 176 56 31 9 2 1 0 0 0 0 0 0 0 0 1 0 1 0 0 0 0 0 0 0 1 
3 33 53 98 120 130 193 301 334 424 182 32 7 7 1 2 0 0 1 0 1 0 0 1 0 2 0 1 0 0 0 0 0 0 0 0 
6 21 46 86 104 93 105 245 194 187 74 13 3 0 1 1 3 0 0 0 0 1 0 0 2 0 1 0 0 0 0 0 0 1 3 1 
4 20 53 76 67 69 57 48 93 117 49 8 1 2 0 0 1 0 2 1 0 5 1 1 2 0 2 1 0 0 0 0 0 0 0 0 
6 15 30 78 129 91 26 31 51 142 44 4 0 0 0 0 0 0 0 2 0 6 15 11 6 3 1 0 1 0 0 0 0 0 0 0 
2 19 31 78 127 79 24 13 39 117 33 5 1 0 1 0 0 0 0 7 6 19 88 75 25 6 1 0 0 0 0 1 0 0 1 0 
2 4 25 37 90 56 26 21 70 67 21 2 1 0 0 0 0 0 0 1 5 25 368 397 58 1 2 0 1 0 0 0 0 0 0 0 
1 0 15 27 48 51 35 40 78 32 5 2 0 0 1 0 0 0 0 1 1 13 368 945 218 16 0 0 0 0 0 0 0 0 0 0 
0 4 23 32 67 81 94 89 49 18 6 3 0 0 0 0 0 0 0 0 1 4 92 979 601 50 3 1 1 0 0 0 0 0 0 0 
0 3 19 42 114 138 248 275 158 61 8 2 1 0 0 0 0 0 0 0 0 0 16 318 555 83 16 0 0 0 0 1 0 0 0 0 
0 1 12 55 139 136 302 561 524 155 38 2 1 0 0 0 0 0 0 0 1 0 2 46 294 97 8 1 0 0 0 0 0 0 0 0 
0 3 7 38 57 92 180 492 833 459 163 32 3 0 0 0 0 0 0 0 0 0 0 9 65 101 18 2 0 0 0 0 0 0 0 1 
0 0 7 10 27 59 126 204 404 471 326 112 9 2 1 0 0 0 0 0 0 1 0 1 12 57 22 3 0 2 1 0 1 0 0 0 
0 5 3 0 20 32 110 121 149 325 510 449 34 2 1 0 0 0 0 0 0 0 0 1 2 8 6 6 2 0 0 0 0 0 0 0 
0 0 0 9 12 22 47 93 117 237 446 759 194 9 2 0 0 0 0 0 0 0 1 0 2 5 1 0 0 0 1 1 0 0 1 1 
1 0 2 4 3 17 32 35 63 137 784 2727 662 34 3 1 0 0 0 0 0 0 0 0 4 3 4 3 0 1 1 2 0 0 1 0 
2 1 1 2 3 19 21 25 38 72 461 2791 1733 100 4 0 0 0 0 0 0 0 0 0 1 2 2 8 0 3 4 0 0 0 0 0 
1 0 0 1 5 7 12 12 21 50 62 190 308 46 10 1 0 0 0 1 0 0 0 0 2 10 2 0 0 2 3 1 1 0 0 0 
1 1 1 3 2 3 6 5 15 10 13 16 31 9 11 2 0 0 0 0 0 0 0 0 4 3 1 0 0 1 0 0 0 0 0 1 
0 1 5 3 2 3 3 4 3 2 3 3 2 3 1 3 0 0 0 0 0 0 0 0 0 1 0 1 0 0 0 0 0 0 0 0 
0 0 0 0 0 4 1 3 8 4 2 1 2 1 3 1 0 0 0 0 0 0 0 0 0 0 0 0 1 0 0 0 0 0 0 0 
0 0 0 1 1 8 3 0 0 2 2 0 1 0 2 1 2 1 0 0 0 0 1 2 1 0 0 0 0 0 0 0 0 0 0 0 
0 0 0 4 9 2 8 1 1 0 1 0 0 0 1 0 0 0 0 0 0 2 8 7 2 1 0 0 0 1 0 0 1 0 0 0 
0 0 0 1 2 0 2 2 1 0 0 0 1 0 0 0 0 0 0 0 0 1 10 15 2 1 2 0 0 0 0 0 0 1 0 0 
0 0 1 0 2 1 3 1 0 0 0 0 0 0 0 0 0 0 0 0 0 1 13 14 6 1 0 0 0 0 0 0 0 0 0 0 
1 0 1 2 1 1 1 0 0 0 0 0 0 0 0 0 0 0 0 0 0 0 7 12 3 0 0 0 0 0 0 0 0 0 0 1 
0 0 3 2 1 4 3 4 5 0 1 0 0 0 0 0 1 0 0 0 0 0 0 10 3 0 0 1 0 0 0 0 0 0 0 0 
0 1 17 11 8 18 12 4 8 1 2 0 0 0 0 0 0 0 0 0 0 0 1 2 2 0 0 0 0 0 0 0 0 0 0 0 
8 22 36 28 41 25 24 7 14 31 6 4 0 0 0 0 0 0 0 0 0 0 0 1 2 0 0 1 0 0 0 0 0 0 0 1 
18 72 109 76 63 33 43 60 103 167 68 8 0 0 0 0 0 0 0 0 0 1 0 2 0 1 1 1 0 0 0 0 0 0 0 3 
CYS
14 48 46 31 28 34 17 10 31 46 20 5 0 0 0 0 0 0 0 0 0 0 0 0 0 1 0 0 0 0 0 0 0 0 0 1 
8 79 115 124 150 76 53 41 44 61 39 34 3 0 0 0 0 0 0 0 0 0 0 0 1 0 0 0 0 0 0 0 0 0 0 3 
4 50 62 112 119 123 103 105 85 71 94 69 11 1 0 0 0 0 0 0 0 0 0 0 0 0 0 0 0 0 0 0 0 0 0 1 
5 21 45 67 51 115 117 81 78 100 114 97 31 3 0 0 1 0 0 0 0 0 0 0 0 0 0 0 0 0 0 0 0 0 2 2 
0 28 67 59 75 111 116 109 110 70 112 154 77 15 1 0 0 0 0 0 0 0 0 0 0 0 0 0 0 0 0 0 0 0 0 0 
0 14 37 33 64 107 159 145 97 91 99 91 68 12 7 0 0 0 0 0 0 0 0 0 0 0 0 0 0 0 0 0 0 0 0 0 
2 5 11 39 44 92 106 106 110 87 78 27 13 4 4 3 0 0 0 0 0 0 0 0 2 0 1 0 0 0 0 0 0 0 0 1 
1 0 12 17 31 45 46 58 51 39 23 4 0 2 0 0 0 0 0 0 0 0 0 0 0 0 0 0 0 0 0 0 0 0 1 0 
1 9 8 11 24 28 25 17 20 12 5 0 1 0 0 0 0 0 0 0 0 0 0 0 0 0 0 0 0 0 0 0 0 0 0 0 
1 6 8 22 24 9 14 5 9 14 6 0 0 0 0 0 0 0 0 0 0 0 0 1 0 1 0 0 0 0 0 0 0 0 0 0 
1 3 22 15 20 10 7 7 11 13 4 0 0 0 0 0 0 0 0 0 0 0 0 1 1 0 0 0 1 0 0 0 0 0 0 0 
0 7 11 20 12 19 2 3 11 18 2 0 0 0 0 0 0 0 0 0 1 0 6 4 0 0 0 0 0 0 0 0 0 0 0 0 
0 0 5 10 9 8 3 1 5 4 1 0 0 0 0 0 0 0 0 0 0 2 12 25 2 2 0 0 0 0 0 0 0 0 0 0 
0 0 1 3 4 10 5 9 9 0 0 0 0 0 0 0 0 0 0 0 0 0 21 48 6 1 0 0 0 0 0 0 0 0 0 0 
1 0 1 5 11 23 21 13 4 2 0 0 0 0 0 0 0 0 0 0 0 0 2 52 10 5 0 0 0 0 0 0 0 0 0 0 
0 0 1 8 8 22 38 28 10 4 1 0 0 0 0 0 0 0 0 0 0 0 0 16 26 3 0 0 0 0 0 0 0 0 0 0 
0 1 1 8 26 73 30 35 39 14 0 0 0 0 0 0 0 0 0 0 0 0 0 3 32 18 1 0 0 0 0 0 0 0 0 0 
1 1 1 3 16 34 31 45 68 56 7 4 0 0 0 0 0 0 0 0 0 0 0 1 9 13 3 0 0 0 0 0 0 0 0 0 
0 0 5 1 8 32 38 46 118 261 88 48 0 0 0 0 0 0 0 0 0 0 0 0 1 2 10 0 0 0 0 0 0 0 0 0 
0 0 0 1 3 27 35 54 74 127 138 161 22 1 0 0 0 0 0 0 0 0 0 0 0 6 6 0 0 0 0 0 0 0 0 0 
0 0 0 1 6 21 15 53 73 66 184 363 127 2 1 0 0 0 0 0 0 0 0 1 0 0 2 1 0 0 0 0 0 0 0 0 
0 0 0 0 11 77 16 18 28 43 258 812 262 19 1 0 0 0 0 0 0 0 0 0 0 0 0 0 0 0 0 0 0 0 0 0 
0 1 0 0 1 71 50 10 25 17 179 1078 606 39 1 0 1 0 0 0 0 0 0 1 1 0 0 0 0 0 0 0 0 0 0 0 
0 0 1 0 1 2 10 13 6 17 25 121 115 34 3 0 0 0 0 0 0 1 0 0 0 0 0 1 0 0 0 0 0 0 0 0 
0 1 1 2 1 2 15 3 1 3 2 4 6 3 1 0 0 0 0 0 0 0 0 0 0 0 0 0 0 0 0 0 0 0 0 0 
0 0 0 13 0 0 3 1 2 1 0 2 0 3 0 0 0 0 0 0 0 0 0 0 0 0 0 0 0 0 0 0 0 0 0 0 
0 0 1 0 0 2 0 2 0 0 1 0 1 0 0 0 0 0 0 0 0 0 0 0 0 0 0 0 0 0 0 0 0 0 0 0 
0 0 0 0 0 0 0 0 0 1 0 0 0 0 0 0 0 0 0 0 0 0 0 1 0 0 0 0 0 0 0 0 0 0 0 0 
0 0 0 0 0 1 1 0 0 1 0 1 0 0 0 0 0 0 0 0 0 0 0 0 1 1 0 0 0 0 0 0 0 0 0 0 
0 0 0 0 0 1 4 0 0 0 0 0 0 0 0 0 0 0 0 0 0 0 1 1 2 1 0 0 0 0 0 0 0 0 0 0 
0 0 0 1 3 0 3 9 3 0 0 0 0 0 0 0 0 0 0 0 0 0 0 2 0 0 0 0 0 0 0 0 0 0 0 0 
0 1 0 1 0 5 5 0 0 0 0 1 0 0 1 0 0 0 0 0 0 1 7 3 1 0 0 0 0 0 0 0 0 0 0 0 
0 0 0 1 1 2 1 1 0 0 0 1 0 0 0 0 0 0 0 0 0 0 5 7 1 0 0 0 0 0 0 0 0 0 0 0 
0 2 1 0 3 0 2 1 1 0 0 0 0 0 0 0 0 0 0 0 0 0 0 0 0 0 0 0 0 0 0 0 0 0 0 0 
1 3 1 3 3 3 2 1 2 0 0 0 0 0 0 0 0 0 0 0 0 0 0 0 0 0 0 0 0 0 0 0 0 0 0 0 
5 16 18 11 10 5 2 1 10 8 3 0 0 0 0 0 0 0 0 0 0 0 0 0 0 0 0 0 0 0 0 0 0 0 0 0 
GLU
7 30 51 68 66 57 33 33 50 44 32 13 4 0 0 0 0 0 0 0 0 0 0 0 0 0 0 0 0 0 0 0 0 0 0 1 
23 75 145 200 164 135 131 90 96 139 149 77 6 3 0 0 0 0 0 0 0 0 0 2 1 0 0 0 0 0 0 0 0 0 1 1 
16 70 174 254 349 263 165 164 214 276 339 269 84 14 2 0 0 0 0 0 0 0 0 0 0 0 0 0 0 0 1 0 1 3 0 3 
4 54 181 289 362 343 294 277 287 320 440 490 253 24 5 0 0 0 0 0 0 0 0 0 0 0 4 0 0 0 0 0 0 1 1 0 
4 36 125 251 314 368 386 362 302 335 495 594 492 68 6 1 0 1 0 0 0 0 0 0 0 0 0 0 0 0 0 0 0 0 0 0 
1 8 69 160 235 265 318 288 318 361 354 274 209 63 8 3 1 0 0 0 1 0 0 0 0 0 1 0 0 0 0 0 0 0 0 1 
2 7 24 60 118 161 203 217 213 193 129 50 30 14 5 1 0 0 0 0 0 0 1 0 2 1 0 1 0 0 0 0 0 0 0 0 
1 7 10 19 76 99 100 110 98 104 46 5 2 4 0 0 1 0 0 0 0 0 2 0 1 1 1 0 0 0 0 0 0 0 0 0 
1 2 7 18 40 31 52 51 49 62 23 3 2 0 1 0 0 0 0 0 0 0 0 0 1 0 0 0 0 0 0 0 0 0 0 0 
1 1 2 19 23 20 24 18 33 40 14 2 0 1 0 1 0 0 0 0 0 1 1 2 3 0 0 1 0 0 0 0 0 0 0 0 
1 1 3 7 46 23 8 7 41 54 8 2 0 0 0 0 0 0 0 1 1 2 6 6 3 1 0 1 0 0 0 0 0 0 0 0 
0 2 4 14 19 17 4 3 32 63 9 1 0 1 0 0 0 1 1 0 2 9 22 23 5 1 1 0 0 0 0 0 0 0 0 0 
1 3 2 6 9 6 7 7 11 24 7 3 1 0 0 0 0 0 0 0 2 8 52 73 18 1 0 0 0 0 0 0 0 0 0 0 
0 0 0 10 12 10 12 8 5 6 6 1 1 0 0 0 0 0 0 0 2 2 51 125 35 2 0 0 0 0 0 0 0 0 0 0 
0 0 1 2 14 26 20 39 12 7 1 3 0 0 0 0 0 0 1 0 0 0 13 108 45 0 0 0 0 0 0 0 0 0 0 0 
0 0 1 2 18 32 79 70 25 13 8 1 1 0 0 0 0 0 0 0 0 1 1 43 59 10 1 0 0 0 0 0 0 1 0 1 
0 0 1 2 8 30 77 137 123 48 15 3 1 0 1 0 0 0 0 0 0 0 1 13 38 14 2 0 0 0 0 0 0 0 0 0 
1 3 1 3 11 47 103 187 365 240 66 14 5 2 0 0 0 0 0 0 0 0 1 0 8 21 3 0 1 0 0 0 0 0 0 0 
1 0 2 3 16 35 85 171 481 542 408 164 9 0 0 0 0 0 0 0 0 0 0 2 3 13 5 1 0 0 0 0 0 0 1 0 
1 3 2 1 12 38 64 132 223 527 757 952 107 11 1 0 0 0 0 0 0 0 0 0 1 3 4 0 1 0 0 0 0 0 1 0 
1 1 1 2 16 14 59 245 269 383 1003 1998 663 32 1 0 0 0 0 0 1 0 0 0 1 1 0 2 1 0 0 0 0 0 0 1 
0 2 2 2 3 24 39 82 158 377 1729 6352 2011 154 10 1 0 0 0 0 0 0 0 0 2 2 0 0 0 0 0 1 0 2 0 0 
0 0 1 1 8 15 21 25 85 214 1012 7231 3983 332 23 5 0 0 0 0 0 0 0 0 1 2 0 0 1 1 0 0 1 0 0 0 
0 0 1 3 2 10 13 14 86 56 146 575 726 166 40 8 0 0 0 1 0 0 0 0 4 5 0 1 0 1 1 0 0 0 1 0 
0 1 0 2 2 11 4 5 16 11 17 40 40 43 17 2 0 0 0 0 0 0 0 0 2 2 0 0 0 1 0 0 0 0 0 1 
0 1 1 2 0 2 7 7 4 3 8 5 9 2 4 4 0 1 0 0 0 0 1 0 3 1 1 0 0 0 0 0 0 0 0 0 
0 0 0 1 1 0 3 2 1 0 0 1 4 1 1 1 2 0 0 0 2 0 0 1 0 0 0 0 0 0 0 0 0 0 0 0 
0 0 0 0 0 6 2 6 1 1 0 2 0 0 0 0 0 0 0 0 0 0 0 0 2 1 0 0 0 0 0 0 0 0 0 0 
1 0 1 0 1 10 5 0 1 0 2 2 0 0 1 0 1 0 0 0 0 0 1 1 0 0 0 0 0 0 0 0 0 0 0 0 
0 0 0 1 2 8 2 1 1 1 0 1 0 0 0 0 0 0 0 0 0 1 5 7 2 0 0 0 0 0 0 0 0 0 0 0 
1 0 0 0 2 2 0 5 2 4 1 3 1 0 0 0 0 0 0 0 0 2 2 20 3 0 0 0 0 0 0 0 0 0 0 0 
0 0 1 1 2 1 2 3 0 0 2 2 0 0 0 0 0 0 1 0 1 0 5 5 2 0 0 0 0 0 0 0 0 0 0 0 
0 0 1 0 1 1 2 1 0 2 1 2 1 0 0 0 0 0 0 0 0 1 0 0 0 0 0 0 0 0 0 1 0 1 0 1 
0 0 2 5 4 3 1 2 2 2 2 1 1 0 0 0 0 0 0 0 0 0 0 1 1 0 0 1 0 0 0 0 0 0 0 1 
1 0 3 1 2 1 5 5 7 3 3 1 0 0 0 0 0 0 0 0 0 0 0 2 0 0 0 0 0 1 0 0 0 1 0 0 
7 4 8 24 11 7 7 8 5 16 3 1 0 0 0 0 0 0 0 0 0 0 0 0 1 0 1 0 0 0 0 0 0 0 0 0 
GLN
6 13 40 36 28 35 43 28 41 22 20 9 6 0 1 0 0 0 0 0 0 1 0 0 0 0 0 0 0 0 0 0 0 0 0 0 
30 105 210 166 90 93 110 115 72 127 132 61 6 0 0 0 0 0 0 0 0 0 0 0 1 0 0 0 0 0 0 0 0 0 0 1 
9 75 155 213 228 190 158 164 143 266 238 146 43 3 0 0 0 0 0 0 0 0 1 0 1 1 0 0 0 0 0 0 0 0 0 2 
10 37 118 199 237 269 276 220 180 206 258 243 124 15 1 1 0 0 0 0 0 0 0 0 0 1 0 0 0 0 0 0 0 0 0 1 
7 20 84 141 223 300 299 237 260 223 249 346 346 46 2 0 0 0 0 0 0 0 0 1 0 0 0 0 0 0 0 0 0 0 0 1 
4 9 38 72 144 184 241 230 229 208 172 203 163 57 7 1 0 0 0 0 0 0 0 0 2 1 0 0 0 0 0 0 1 0 0 4 
2 4 24 59 80 94 102 137 145 128 82 33 15 7 3 0 0 0 0 0 0 0 0 1 2 0 0 0 0 0 0 0 0 0 0 0 
0 3 13 32 38 53 58 56 80 81 24 6 2 1 1 0 0 0 0 2 0 0 2 0 1 0 2 0 0 0 0 0 0 0 0 0 
0 3 6 23 14 26 32 23 33 33 14 1 2 1 0 0 0 0 0 0 2 2 0 0 1 0 1 0 0 0 0 0 0 0 0 0 
1 0 4 11 25 37 17 12 40 25 10 3 0 0 0 0 0 1 0 1 3 3 2 1 1 0 0 0 0 0 0 0 0 0 0 0 
0 0 4 12 22 41 8 8 17 30 7 1 0 0 0 0 0 0 0 0 2 2 0 5 2 0 0 0 0 0 0 0 0 0 0 0 
1 1 1 4 18 34 10 4 18 27 3 1 0 0 0 0 0 0 0 0 2 2 44 25 6 0 0 0 1 0 0 0 0 0 0 1 
0 0 1 5 13 10 4 4 7 11 5 2 0 1 0 0 0 0 0 0 4 11 148 116 9 0 1 0 0 0 0 0 0 0 0 0 
0 0 4 3 14 18 15 7 6 5 1 0 0 0 0 0 0 0 0 0 0 7 69 135 21 0 0 0 0 0 0 0 0 0 0 0 
0 0 1 2 16 30 27 17 8 2 3 1 0 0 0 0 0 0 0 0 0 4 17 142 83 4 1 0 1 0 0 0 1 0 1 0 
0 0 2 3 16 44 76 56 21 4 5 2 0 0 0 0 0 0 0 0 1 0 8 50 96 27 0 0 0 0 0 0 0 0 0 0 
0 2 1 7 11 44 91 195 123 42 8 4 1 0 0 0 0 0 0 0 0 1 2 5 51 36 0 0 0 0 0 0 0 0 0 0 
0 0 0 1 13 37 66 141 328 264 49 13 0 2 1 0 0 0 0 0 0 0 0 1 10 26 6 0 0 0 0 0 0 0 0 0 
0 0 0 0 6 24 86 120 289 487 255 42 4 0 0 0 0 0 0 0 0 0 0 2 6 5 1 0 0 0 0 0 0 0 0 0 
0 0 1 3 9 18 36 98 144 244 387 362 42 5 0 0 0 0 0 0 0 0 0 0 1 6 3 1 0 0 0 0 0 0 0 0 
0 1 5 1 4 20 41 68 121 208 451 923 361 25 1 0 0 0 0 0 0 0 0 0 2 1 0 0 0 0 0 0 0 0 0 0 
0 0 0 2 5 16 51 53 86 310 919 3404 1208 60 7 0 0 0 0 0 0 0 0 0 0 1 1 0 0 0 0 0 0 0 1 0 
2 0 1 2 3 21 23 44 39 175 813 4010 1874 133 6 0 0 0 0 0 0 0 0 0 0 1 1 0 1 0 0 0 0 0 0 0 
0 1 0 2 4 9 15 19 15 29 92 292 363 77 16 1 1 0 0 0 0 0 0 0 2 3 0 0 0 1 0 0 0 0 0 0 
0 1 2 5 4 3 17 10 6 8 10 17 13 11 5 1 0 0 0 0 0 0 0 0 0 0 0 0 0 0 0 0 0 0 1 0 
1 0 0 1 0 0 3 4 3 5 2 2 3 3 2 0 0 0 0 0 0 0 1 0 0 2 0 0 0 0 0 0 0 0 0 0 
0 0 0 0 2 3 3 2 2 0 1 1 3 1 1 0 1 0 0 0 0 0 0 0 1 0 0 0 0 0 0 0 0 0 0 0 
0 0 0 1 0 3 1 2 4 0 1 1 0 0 0 0 0 0 0 0 0 1 0 2 2 0 0 0 0 0 0 0 0 0 0 0 
0 0 0 0 1 3 0 1 1 1 1 0 1 0 0 0 0 0 0 1 1 0 2 2 0 1 0 0 0 0 0 0 0 0 0 0 
0 0 0 0 0 1 1 0 0 1 0 0 0 0 0 0 0 0 0 0 0 1 3 4 1 1 1 0 0 0 0 0 0 0 0 0 
0 0 1 0 0 0 2 1 1 1 0 0 0 0 0 0 0 0 0 0 0 1 1 5 2 0 0 0 0 0 0 0 0 0 0 0 
0 0 1 0 0 0 1 5 13 1 0 1 0 0 0 0 0 0 0 0 0 0 0 3 0 0 0 0 0 0 0 0 0 0 0 0 
0 2 0 0 0 1 1 2 3 0 0 0 0 0 0 0 0 0 0 0 0 0 1 1 1 1 0 0 0 0 0 0 0 0 0 0 
0 0 0 1 0 1 5 1 2 1 0 2 0 0 0 0 0 0 0 0 1 0 0 2 0 0 0 0 0 0 0 0 0 0 0 0 
0 4 0 0 3 0 4 0 5 2 0 0 0 0 0 0 0 0 0 0 0 0 0 1 2 0 0 0 0 0 0 0 0 0 0 0 
0 5 5 16 2 6 13 15 10 4 5 0 0 0 0 0 0 0 0 0 0 0 0 0 1 1 0 0 1 0 0 0 0 0 0 0 
GLY
234 217 196 99 109 98 129 157 187 364 339 144 15 2 0 1 0 0 0 0 1 0 1 2 31 177 337 263 148 99 91 88 105 115 133 221 
164 207 166 158 157 97 110 86 146 278 348 212 25 9 0 0 0 0 0 0 0 0 0 0 9 86 229 233 121 83 88 63 70 102 105 137 
96 139 186 168 129 99 84 103 118 175 261 291 61 7 3 0 0 0 0 0 1 2 1 3 11 110 222 186 135 63 61 48 35 40 54 60 
32 41 90 90 136 127 121 114 103 123 229 303 161 9 2 0 1 2 0 0 0 0 0 0 3 17 58 114 93 41 34 25 15 18 28 24 
13 14 23 48 78 84 117 160 102 101 114 175 154 33 3 4 0 2 0 0 0 0 2 0 0 6 19 60 43 45 19 9 8 20 11 3 
1 6 9 22 15 69 81 61 65 53 57 56 47 7 0 2 0 0 0 0 0 1 0 3 0 2 8 26 38 34 14 9 6 11 5 2 
3 3 4 3 13 13 35 28 29 28 24 18 10 3 2 0 1 0 0 0 0 0 1 1 0 1 6 16 15 10 3 3 9 6 1 0 
1 5 5 3 2 11 6 27 13 19 9 7 5 3 2 0 2 0 0 1 0 0 0 0 1 1 4 14 10 9 2 2 3 3 4 1 
1 2 2 1 0 2 4 9 17 23 8 4 0 0 0 2 0 1 0 1 0 0 1 0 1 2 0 1 10 4 11 2 5 6 3 1 
0 0 5 3 2 4 3 6 6 6 4 3 1 0 0 0 1 1 0 0 1 1 3 7 8 5 4 4 3 2 2 2 0 0 0 1 
2 2 1 1 1 2 2 3 3 9 11 3 1 0 0 0 1 0 1 0 1 2 6 6 10 8 6 7 4 3 2 1 0 0 0 0 
0 0 0 2 3 3 7 4 3 24 16 2 1 0 0 0 0 1 0 1 3 5 8 18 17 19 10 5 0 0 0 0 0 0 3 0 
0 0 5 6 13 12 7 9 7 36 18 3 1 1 0 0 1 0 0 1 1 7 27 64 44 27 17 11 3 1 0 2 0 2 0 1 
2 2 2 4 4 7 7 10 15 16 6 2 1 0 0 0 1 0 1 0 1 10 71 176 235 111 56 11 9 4 2 5 0 1 0 1 
1 0 2 2 24 9 11 18 23 15 5 1 0 0 0 0 1 0 1 0 0 2 50 320 800 619 156 48 19 7 6 4 3 1 1 0 
0 2 5 7 15 24 36 76 57 29 6 3 0 0 1 0 0 0 0 1 0 0 17 198 1119 1371 684 175 57 41 10 6 0 0 1 2 
1 2 7 21 10 22 69 128 157 84 21 6 1 2 0 0 1 1 0 0 0 0 6 58 615 1956 1534 700 179 67 27 7 4 0 1 0 
2 2 6 3 7 22 47 139 283 333 121 23 4 1 0 1 0 0 0 1 0 0 1 11 246 1762 2154 995 412 174 74 21 5 0 0 1 
1 0 0 4 17 20 29 70 179 382 478 154 13 1 0 0 0 0 0 0 0 0 0 4 67 550 1840 1272 423 140 87 35 5 2 2 2 
1 0 0 1 11 18 25 50 77 230 506 638 90 1 0 0 0 0 0 0 0 0 0 1 28 118 613 1230 515 164 58 40 15 2 0 1 
1 1 0 2 11 10 20 38 55 101 344 846 329 23 3 0 0 0 0 0 0 0 0 0 11 60 108 352 316 126 46 23 26 6 6 2 
1 1 0 3 1 2 7 12 34 80 461 2094 882 66 4 1 0 0 0 0 0 0 0 0 9 47 46 69 91 62 25 18 83 10 4 0 
0 0 0 0 2 1 3 3 22 27 227 2761 1658 127 7 1 0 0 0 0 0 0 0 0 3 21 53 24 20 15 16 15 12 7 3 1 
0 2 0 0 0 2 2 2 9 10 41 274 481 116 18 0 0 0 0 0 0 0 1 0 2 8 45 23 13 9 6 16 7 6 4 0 
0 0 3 2 2 3 7 5 5 5 13 23 60 45 20 3 1 1 0 1 0 0 1 1 2 15 31 14 6 3 4 7 1 1 1 0 
1 1 2 0 1 8 5 5 4 10 9 7 8 8 3 1 2 1 2 0 0 0 0 1 1 5 14 11 2 5 2 3 3 2 2 0 
0 1 2 1 2 11 10 5 16 11 3 4 0 4 2 1 1 0 0 0 0 1 0 0 4 9 14 3 3 5 3 1 0 1 2 4 
2 1 1 2 10 3 5 16 9 5 1 1 2 0 0 0 0 0 0 1 1 3 2 5 6 11 9 6 6 2 5 2 1 1 1 1 
0 1 2 2 14 14 7 11 5 5 2 2 0 0 0 1 0 1 1 2 1 1 6 11 16 17 7 6 11 5 9 2 1 1 2 1 
37 15 8 10 9 11 6 17 15 4 2 2 0 0 0 0 0 1 0 2 2 10 24 60 129 41 33 28 9 4 7 6 5 3 1 9 
25 21 9 10 11 12 26 20 28 11 2 3 0 1 0 0 1 0 0 1 1 9 56 354 398 94 25 24 14 12 3 7 7 10 10 13 
21 7 10 14 25 29 41 42 31 14 10 2 1 0 0 0 0 0 0 0 0 6 56 428 472 187 51 30 20 12 14 10 12 19 20 29 
46 60 60 61 38 51 67 75 82 44 12 7 3 1 0 0 0 0 0 0 1 1 15 195 310 173 82 59 47 31 50 39 42 39 59 59 
73 81 44 44 33 37 78 93 141 134 36 8 3 0 0 0 0 0 0 0 1 3 8 84 308 313 181 104 66 62 56 79 90 89 88 83 
157 134 98 82 64 68 82 118 176 254 121 18 3 2 0 0 1 0 0 0 0 0 5 24 170 522 339 165 92 65 63 105 159 159 230 170 
241 250 129 81 75 87 87 136 191 375 327 73 8 0 1 0 0 0 0 0 2 0 1 4 86 493 378 235 118 110 99 92 134 179 211 252 
HIS
18 54 167 55 35 32 20 22 23 27 25 7 1 0 0 0 0 0 1 0 0 0 0 0 0 1 0 0 0 0 0 0 1 1 2 3 
13 72 148 127 103 87 62 38 37 48 74 47 8 0 0 0 0 0 0 0 0 0 0 0 2 0 0 0 0 0 0 0 0 0 0 1 
15 75 144 154 182 125 105 85 54 95 153 114 35 0 0 0 0 0 0 0 0 0 0 0 0 0 0 0 0 0 0 0 0 0 2 4 
9 38 106 141 197 211 124 104 86 84 158 209 64 7 1 0 0 0 0 0 0 0 0 0 0 3 0 0 0 0 0 0 0 0 1 1 
5 41 67 105 158 204 153 121 118 132 122 186 152 49 1 1 2 0 0 0 0 0 0 0 0 1 3 0 0 1 0 0 0 0 0 0 
0 11 41 55 115 192 164 128 110 74 78 80 43 21 4 2 0 0 0 1 0 0 0 0 0 0 1 0 0 0 0 0 0 0 0 0 
1 6 11 29 65 122 160 76 86 66 77 30 22 7 0 0 0 0 1 0 0 0 1 0 1 1 0 0 0 0 0 0 0 0 0 0 
0 1 5 20 28 52 92 72 71 278 26 6 3 0 0 0 0 0 0 0 0 0 0 0 0 0 0 0 0 0 0 0 0 0 0 0 
0 3 3 3 29 27 30 38 26 78 11 0 0 0 1 0 0 0 0 0 0 0 0 1 0 0 0 0 0 0 0 0 0 0 0 0 
0 0 1 4 42 41 16 9 10 33 10 0 1 0 0 1 0 0 0 0 1 3 0 2 1 0 0 0 0 0 0 0 0 0 0 0 
0 3 3 37 114 31 6 6 34 54 9 1 0 0 0 0 0 0 0 2 3 1 3 4 1 0 0 0 0 0 0 0 0 0 0 0 
0 1 4 20 80 34 5 12 88 36 5 0 1 0 0 0 0 0 0 0 1 3 10 9 2 1 1 0 0 0 0 0 0 0 0 0 
0 2 3 13 62 48 8 8 11 21 3 3 0 0 0 0 0 0 0 0 0 5 50 139 9 0 0 0 0 0 0 0 0 0 0 0 
0 2 2 6 34 49 12 7 6 4 0 0 0 0 0 0 0 0 0 0 0 5 54 137 37 2 0 0 0 0 0 0 0 0 0 0 
0 1 2 10 19 48 28 13 3 2 0 0 0 0 0 0 0 0 0 0 0 3 14 91 69 7 0 0 0 0 0 0 0 0 0 0 
0 0 2 10 14 63 80 73 35 5 4 1 1 0 0 0 0 0 0 0 0 0 3 34 69 10 2 0 0 0 0 0 0 0 0 0 
1 1 0 6 25 49 135 146 112 50 8 0 0 0 0 0 0 0 0 0 0 0 1 6 46 14 2 0 0 0 0 0 0 0 0 0 
1 0 0 4 21 47 97 187 202 96 35 5 1 0 0 0 0 0 0 0 0 0 0 0 9 16 2 0 0 0 0 0 0 0 0 0 
0 0 1 5 23 42 67 139 168 167 181 62 7 1 0 0 0 0 0 0 0 0 0 0 0 8 1 1 0 0 0 0 1 0 0 0 
0 0 0 4 26 53 57 110 175 205 209 223 21 2 0 0 0 0 0 0 0 0 0 0 0 1 1 1 0 0 0 0 0 0 0 0 
0 1 2 4 5 43 40 43 65 134 284 322 159 5 0 0 0 0 0 0 0 0 0 0 1 2 0 0 0 0 0 0 0 0 0 0 
0 1 1 2 4 15 21 24 40 86 345 950 254 19 0 0 0 0 0 0 0 0 0 1 0 2 2 1 1 0 0 0 0 0 0 1 
0 0 0 1 9 16 17 18 22 45 218 1429 849 56 5 1 0 0 0 0 0 0 0 1 2 5 0 0 0 0 0 0 0 0 0 0 
0 0 0 1 3 4 5 8 13 20 43 205 254 48 3 0 0 0 0 0 0 0 0 0 1 1 0 0 0 0 0 0 0 0 0 0 
1 0 0 0 2 3 2 1 4 5 1 8 16 10 2 0 0 0 0 0 0 0 0 0 2 3 0 0 0 0 0 0 0 0 0 0 
0 1 1 2 0 1 3 3 2 1 7 3 0 2 0 0 0 0 0 0 0 0 1 0 0 2 2 0 0 0 0 0 0 0 0 0 
0 0 0 0 1 1 0 0 2 1 0 0 0 1 0 0 0 0 0 1 0 0 0 1 0 2 2 0 0 0 1 0 0 0 0 0 
2 0 0 1 0 2 2 0 0 0 1 0 0 0 0 0 0 0 0 0 0 0 0 0 1 1 0 0 0 0 0 0 0 0 0 0 
0 0 0 0 2 2 0 0 0 0 0 0 0 0 0 0 0 0 0 0 0 0 0 1 0 0 0 0 0 0 0 0 0 0 0 0 
0 0 1 0 1 1 0 1 0 0 0 0 0 0 0 0 0 0 0 0 0 1 1 0 1 0 0 1 0 0 0 0 0 0 0 0 
0 0 0 0 0 0 0 0 0 0 0 0 0 0 0 0 0 0 0 0 0 0 4 2 4 0 0 0 0 0 0 0 0 0 0 0 
0 0 0 0 1 2 1 2 1 0 0 0 0 0 0 0 0 0 0 0 0 0 1 1 0 0 0 0 0 0 0 0 0 0 0 0 
0 0 0 2 0 0 3 0 1 0 0 0 0 0 0 0 0 0 0 0 0 0 0 0 1 0 0 0 0 0 0 0 0 0 0 0 
0 1 3 1 3 2 2 2 1 0 0 0 0 0 0 0 0 0 0 0 0 0 0 1 0 0 0 0 0 0 0 0 0 0 0 0 
0 0 0 1 1 4 2 1 3 4 1 0 0 0 0 0 0 0 0 0 0 0 0 0 1 0 0 0 0 0 0 0 0 0 0 0 
5 9 15 9 9 6 10 11 6 6 1 1 0 0 0 0 0 0 0 0 0 0 0 0 0 0 0 0 0 0 0 0 0 1 0 0 
ILE
0 4 8 27 149 116 37 18 11 9 11 3 0 0 0 0 0 0 0 0 0 0 0 0 0 0 0 0 0 0 0 0 0 0 0 0 
0 26 235 137 484 438 122 60 32 31 47 25 3 0 1 0 0 0 0 0 0 0 0 0 0 0 0 0 0 0 0 0 0 0 0 0 
2 39 104 138 380 420 208 152 82 36 72 90 33 2 2 0 0 0 0 0 0 0 0 0 0 0 0 0 0 0 0 0 1 0 0 0 
3 40 158 219 385 439 337 183 113 127 170 151 123 40 2 0 0 0 0 0 0 0 0 0 0 0 0 0 0 0 0 0 0 0 0 1 
2 11 64 223 721 1298 1168 780 548 469 494 395 376 89 5 2 0 1 0 0 0 0 0 0 0 0 0 0 0 0 0 0 0 0 0 0 
0 0 10 96 598 1440 1686 1378 992 750 569 303 152 25 6 1 1 0 0 0 0 0 0 0 0 0 0 0 0 0 0 0 0 0 0 0 
0 0 3 30 207 616 986 935 685 453 256 75 15 4 3 0 0 1 0 0 0 1 0 0 3 6 0 0 0 0 0 0 0 0 0 1 
0 0 2 10 99 243 366 316 327 148 63 9 2 1 2 0 0 0 0 0 0 0 0 1 1 2 0 0 0 0 0 0 0 0 0 1 
1 1 4 2 36 85 80 59 68 61 18 7 3 0 1 0 0 0 0 0 0 0 1 1 2 1 0 0 0 0 0 0 0 0 0 0 
0 0 1 6 24 44 14 27 38 59 7 1 0 0 1 0 0 0 0 1 0 0 1 0 0 2 0 0 1 0 0 0 0 0 0 0 
0 0 0 1 31 31 19 210 65 14 1 0 0 0 0 0 0 0 0 0 0 1 0 4 2 2 2 0 0 0 0 0 0 0 0 0 
0 0 1 0 28 15 4 15 12 3 1 0 0 0 0 0 0 0 0 0 0 1 0 1 1 0 0 0 0 0 0 0 0 0 0 0 
0 0 0 8 9 15 4 2 2 1 1 1 0 0 0 0 0 0 0 0 0 1 1 0 0 0 0 0 0 0 0 0 0 0 0 0 
0 0 0 4 29 50 8 1 1 2 1 0 0 0 0 0 0 0 0 0 0 1 2 1 1 0 0 0 0 0 0 0 0 0 0 0 
0 0 0 2 17 32 23 7 2 1 0 0 0 0 0 0 0 0 0 0 0 0 1 1 0 0 0 0 0 0 0 0 0 0 0 0 
0 0 0 0 10 35 47 23 5 5 2 0 0 0 0 0 0 0 0 0 0 0 0 1 2 0 0 1 1 0 0 0 0 0 0 0 
0 0 1 1 14 57 80 94 81 62 2 1 0 0 0 0 0 0 0 0 0 0 0 0 0 0 0 0 0 0 0 0 0 0 0 0 
0 0 0 8 13 64 130 108 109 98 15 7 0 0 0 0 0 0 0 0 0 1 0 0 0 0 0 0 0 0 0 0 0 0 0 0 
0 0 0 2 22 65 101 114 128 94 111 54 2 0 0 0 0 0 0 0 0 0 1 0 0 0 0 0 0 0 0 0 0 0 0 0 
1 0 0 0 8 61 89 88 81 94 224 345 41 1 0 0 0 0 0 0 0 0 0 0 0 0 0 0 0 0 0 0 0 0 0 0 
0 0 1 1 2 19 30 38 186 162 320 681 238 8 1 0 0 0 0 0 0 0 0 0 0 1 0 0 0 0 0 0 0 0 0 0 
1 0 1 2 11 12 73 43 104 235 767 2144 962 41 2 0 0 0 0 0 0 0 0 0 0 0 0 0 0 0 0 0 0 0 0 0 
0 0 0 0 2 22 68 103 171 218 1174 6379 2817 147 6 1 1 0 0 0 0 0 0 0 0 0 2 0 0 0 0 0 0 0 0 0 
0 0 0 0 10 26 41 68 95 110 199 755 577 72 12 1 0 0 0 0 0 0 0 1 1 2 0 0 0 0 0 0 0 0 0 0 
0 1 0 1 6 12 25 15 18 19 20 26 26 7 1 0 0 0 0 0 0 0 0 1 1 1 0 0 0 0 0 0 0 0 0 0 
0 0 0 0 0 5 9 8 8 2 1 2 1 1 2 0 0 2 0 0 0 0 0 0 1 0 0 0 0 0 0 0 0 0 0 0 
0 0 0 0 1 2 4 2 1 0 0 0 0 0 0 0 0 0 0 0 0 0 0 0 0 1 0 0 0 0 0 0 0 0 0 0 
0 0 0 0 0 1 0 2 2 1 1 0 0 0 0 0 0 1 0 0 0 0 0 1 2 0 0 0 0 0 0 0 0 0 0 0 
0 0 0 0 0 1 1 2 1 1 0 0 0 0 0 0 0 0 0 0 0 0 0 0 0 0 0 0 0 0 0 0 0 0 0 0 
0 0 0 0 0 1 0 1 0 0 0 0 0 0 0 0 0 0 0 0 0 0 0 1 0 0 0 0 0 0 0 0 0 0 0 0 
0 0 0 0 1 0 0 0 1 1 0 0 0 0 0 0 0 0 0 0 0 0 1 0 0 0 0 0 0 0 0 0 0 0 0 0 
0 0 0 0 0 0 1 2 0 0 0 0 0 0 0 0 0 1 0 0 0 0 0 2 0 0 0 0 0 0 0 0 0 0 0 0 
0 1 1 0 0 2 0 0 0 0 0 0 0 0 0 0 0 0 0 0 1 0 1 0 0 0 0 0 0 0 0 0 0 0 0 0 
1 0 1 0 1 1 0 0 0 0 0 0 0 0 0 0 0 0 0 0 0 0 0 0 0 0 0 0 0 0 0 0 0 0 0 0 
0 0 0 2 12 0 3 0 1 0 0 0 0 0 0 0 0 0 0 0 0 0 0 0 0 0 0 0 0 0 0 0 0 0 0 0 
0 0 3 4 12 16 9 6 4 4 0 0 0 0 0 0 0 0 0 0 0 1 0 0 0 1 0 0 0 0 0 0 0 0 0 0 
LEU
2 31 20 24 25 47 67 61 67 67 34 13 2 0 0 0 0 0 0 0 0 0 0 0 1 2 0 0 0 0 0 0 0 0 0 1 
3 63 88 128 172 188 177 186 229 248 258 104 7 1 1 0 0 0 0 0 0 0 0 0 1 0 0 1 0 0 0 0 0 0 0 0 
5 33 95 228 387 522 518 397 435 525 586 374 74 5 1 0 1 0 0 0 0 0 0 0 1 0 0 0 0 0 0 0 0 0 0 0 
3 35 77 210 383 653 770 682 572 668 835 756 239 16 0 1 0 0 0 0 0 0 0 0 1 2 0 0 0 0 0 0 0 0 1 0 
2 21 132 222 438 702 1037 901 709 579 829 976 475 75 4 1 0 0 1 0 0 0 0 1 0 1 0 0 0 0 0 0 1 0 1 1 
3 18 87 276 506 685 1079 1056 896 685 731 714 310 71 3 2 1 1 0 0 1 0 0 1 0 5 0 0 1 0 0 0 0 0 0 0 
2 9 42 149 238 366 536 712 641 385 294 107 51 16 5 0 1 0 0 0 0 0 1 1 1 1 0 0 0 0 0 0 0 0 0 1 
0 1 19 35 77 141 255 313 250 186 74 20 4 5 2 0 1 0 0 0 0 0 0 0 0 0 0 0 0 0 1 0 1 0 0 0 
1 1 7 29 31 73 85 86 83 96 37 7 1 1 1 0 1 0 0 0 0 0 0 0 1 1 1 0 0 0 0 0 0 0 0 1 
0 3 10 17 20 39 31 30 50 70 30 4 1 0 0 0 0 0 0 0 0 1 0 0 0 2 0 0 0 1 0 0 0 1 1 0 
0 3 14 25 28 53 18 11 50 73 23 4 0 1 0 0 0 0 0 0 0 0 2 2 1 0 0 0 0 0 0 0 0 0 0 0 
1 0 7 11 28 28 7 9 30 76 21 2 0 0 0 0 0 0 0 2 0 3 8 10 2 0 0 0 0 0 0 0 0 0 1 0 
0 0 3 1 8 14 11 5 24 29 8 0 1 0 0 0 0 0 0 0 0 3 15 18 1 2 0 0 0 0 0 0 0 0 0 0 
0 0 0 5 14 16 20 14 11 12 1 1 1 0 0 0 0 0 0 0 1 2 34 54 17 0 0 1 0 0 0 0 0 0 0 0 
0 0 0 3 8 19 46 39 28 11 2 3 1 0 0 0 0 0 0 0 0 1 21 110 33 0 0 0 0 0 0 0 0 0 0 0 
0 0 0 4 6 38 100 115 40 15 5 1 0 1 0 0 0 0 0 0 0 0 1 51 65 6 0 0 0 0 0 0 0 0 0 0 
1 0 1 3 12 84 252 297 210 91 14 2 0 0 0 0 0 0 0 0 0 1 1 18 40 15 0 0 0 0 0 0 0 0 0 0 
0 0 0 2 10 40 173 373 533 493 108 20 2 0 0 0 0 0 0 0 0 0 0 3 22 16 2 0 0 0 0 0 0 0 0 0 
0 0 0 1 12 36 102 319 686 702 477 141 6 0 0 0 0 0 0 0 0 0 0 0 3 3 1 1 0 0 0 0 0 0 0 0 
1 1 2 0 7 31 106 185 350 660 836 706 56 7 0 2 0 0 0 0 0 0 0 0 3 4 1 1 0 0 0 0 0 0 1 0 
0 0 1 3 10 25 61 157 252 475 1194 2328 543 17 4 0 0 0 0 0 0 0 0 0 0 1 2 0 0 0 0 0 0 0 0 1 
1 1 4 1 4 29 69 122 250 474 2019 7480 2099 79 3 0 0 0 0 0 0 0 0 0 3 2 1 0 0 0 0 0 0 0 1 0 
0 0 0 1 1 47 47 90 347 405 1160 9520 4829 321 15 0 0 0 0 0 0 0 0 0 2 22 1 0 0 0 0 0 0 1 0 0 
0 0 3 3 6 10 48 46 110 105 183 947 1030 151 18 1 0 1 1 0 0 0 0 0 8 11 1 0 0 0 1 0 0 0 0 0 
0 0 0 0 3 14 18 12 14 16 20 32 42 34 6 2 0 0 0 0 0 0 0 1 0 3 0 0 0 0 0 1 0 0 1 0 
0 0 0 0 0 0 4 4 3 2 3 6 6 4 3 2 0 1 0 0 0 0 0 0 1 0 0 1 0 0 1 0 0 0 0 0 
0 0 1 0 2 0 2 2 2 0 2 0 1 0 1 1 0 0 1 0 1 1 1 0 0 0 0 0 0 0 0 0 0 0 0 0 
0 0 0 1 0 1 7 2 1 3 0 1 1 0 0 0 0 0 0 1 0 0 0 0 0 0 0 1 0 0 0 0 0 0 0 0 
0 0 0 0 0 2 7 2 1 1 1 0 0 0 0 1 0 0 0 1 0 0 0 2 1 0 0 1 0 0 0 0 0 0 0 0 
0 0 1 0 0 2 5 2 1 1 0 1 0 0 0 0 0 0 0 0 0 0 0 5 1 1 0 0 0 0 0 0 0 0 0 0 
0 0 0 0 1 2 5 9 12 2 1 0 0 0 0 0 0 0 0 0 0 1 5 17 1 0 0 0 0 0 0 0 0 0 0 0 
1 1 0 0 1 5 3 1 0 0 0 0 0 0 0 0 0 0 0 0 1 0 0 5 1 0 0 0 0 0 0 0 0 0 0 0 
0 0 0 0 1 0 6 5 2 0 0 1 0 0 0 0 0 0 0 0 0 0 1 6 1 0 0 0 0 0 0 0 0 0 0 0 
1 0 0 0 2 0 3 5 3 2 2 1 0 0 0 0 0 0 0 0 0 0 0 3 2 0 0 0 0 0 0 0 0 0 1 0 
0 0 1 2 1 4 3 4 2 9 0 0 0 1 0 0 0 0 0 0 0 0 0 0 0 0 0 0 0 0 0 0 0 0 0 0 
2 12 5 4 3 7 14 29 20 17 4 4 0 0 0 0 0 0 0 0 1 0 0 0 0 0 0 0 0 0 0 0 0 0 0 0 
LYS
18 43 81 96 58 66 71 75 50 48 44 29 2 1 0 1 0 0 0 0 0 0 0 0 3 0 0 0 0 0 0 1 0 1 1 1 
28 120 140 196 213 214 172 143 171 215 136 61 8 1 0 0 1 0 0 0 0 0 0 1 1 0 0 0 1 1 0 0 0 0 0 0 
12 67 187 346 425 430 378 252 219 283 329 228 58 10 3 0 0 0 0 0 0 0 0 0 0 0 0 0 0 0 0 1 1 0 0 1 
12 79 175 310 395 562 490 427 323 352 437 508 207 19 4 2 3 0 0 0 0 1 0 0 0 0 0 0 0 0 0 0 0 0 0 0 
5 48 147 277 354 411 452 699 504 435 613 675 489 84 7 2 0 0 1 0 0 0 0 0 0 0 1 0 0 0 0 0 0 1 0 3 
4 15 85 194 277 335 362 433 428 389 382 389 360 109 12 1 0 1 1 0 0 0 0 0 1 0 1 0 0 0 0 1 1 0 0 1 
1 13 43 73 117 143 190 198 219 189 118 76 48 34 8 0 0 0 0 0 0 0 0 1 0 1 1 1 0 0 0 0 0 0 0 0 
2 5 13 23 58 90 74 142 129 69 46 17 7 4 3 1 0 1 0 0 1 0 0 0 1 1 0 0 0 0 0 0 1 0 1 0 
2 6 6 34 34 42 43 40 36 39 16 2 4 3 5 0 0 0 0 0 1 0 0 1 1 1 0 0 0 0 0 0 0 0 0 0 
1 3 1 19 17 39 17 22 28 47 7 5 0 0 0 0 0 0 0 0 0 1 3 0 1 1 0 0 0 0 0 0 0 0 0 0 
0 0 6 13 46 51 21 11 53 154 12 3 0 0 0 1 0 0 0 1 1 1 6 13 5 0 0 0 1 0 0 0 0 0 0 0 
0 0 0 5 29 32 19 5 73 202 20 2 0 1 0 0 0 0 0 0 0 7 42 55 20 1 0 1 0 0 0 0 0 0 1 2 
0 1 4 4 16 17 7 10 6 21 4 3 1 0 0 0 0 0 1 1 1 4 85 106 20 1 0 0 0 0 0 0 0 0 0 0 
0 0 0 1 11 17 17 4 11 7 3 1 0 0 0 0 0 0 0 1 1 3 120 303 74 5 1 1 1 0 0 0 0 0 0 0 
2 1 6 10 18 37 33 21 8 7 4 1 0 1 0 0 0 0 0 0 0 4 36 258 366 38 3 1 0 1 0 0 0 0 0 0 
0 2 5 17 34 41 94 118 35 14 10 7 0 0 0 0 0 0 0 0 0 1 4 78 193 40 1 0 0 0 0 0 0 0 0 0 
0 1 1 12 28 89 141 204 137 46 9 2 1 1 0 0 0 0 0 0 0 0 0 16 87 44 4 0 0 0 0 0 0 0 0 0 
1 1 1 6 13 52 134 331 428 235 50 22 1 0 0 0 0 0 0 0 0 0 0 3 42 71 14 0 1 0 0 0 0 0 0 0 
1 0 2 5 16 53 124 250 632 539 318 127 10 1 1 0 0 0 0 0 0 0 0 0 12 81 24 2 0 0 0 0 0 0 0 1 
0 0 1 4 11 44 94 171 297 503 809 831 112 6 1 0 1 0 0 0 0 0 0 0 2 11 5 0 0 0 0 0 0 0 0 0 
2 2 2 3 12 35 92 141 209 424 764 1698 592 32 8 3 0 0 0 0 0 0 0 0 1 2 0 1 0 0 0 0 0 0 0 0 
0 0 3 4 13 36 92 102 207 486 1334 4969 1930 166 8 2 1 0 0 0 0 0 0 0 3 3 1 0 0 1 0 0 0 0 1 0 
0 0 4 2 16 24 41 68 128 193 901 6408 3776 402 27 1 3 1 1 0 0 0 0 0 2 2 1 0 0 0 1 0 0 0 2 1 
0 0 0 1 5 16 23 35 55 81 119 547 828 292 39 3 1 2 0 0 0 0 0 0 0 5 1 0 0 0 1 0 0 0 1 0 
0 1 1 0 6 8 21 13 8 18 17 35 55 36 18 4 3 0 0 0 0 0 0 1 1 4 0 0 0 0 0 0 0 0 0 0 
0 0 0 1 2 4 3 4 11 3 8 11 7 10 5 1 2 0 1 1 0 2 0 1 1 1 0 0 0 0 0 0 0 0 0 0 
0 0 0 0 0 6 3 4 3 6 4 2 0 1 3 0 0 1 1 1 0 1 0 0 1 1 0 0 0 0 0 0 0 0 0 0 
1 0 0 0 0 4 1 1 0 1 0 0 0 0 0 1 0 0 0 0 0 0 0 1 0 0 0 0 0 0 0 0 0 1 0 0 
0 0 0 0 2 2 3 1 1 1 0 1 2 0 0 0 0 1 1 0 1 0 1 1 1 0 0 1 0 1 0 0 0 0 0 0 
0 0 0 1 1 3 1 0 1 2 0 0 0 1 0 0 0 0 1 1 0 0 5 6 6 0 0 0 0 0 0 0 0 0 0 0 
0 1 0 0 1 2 2 0 1 0 0 0 0 0 0 0 1 0 0 0 0 2 7 17 5 0 0 0 0 0 0 0 0 0 0 0 
0 0 0 0 2 2 0 0 0 0 0 0 0 0 0 1 0 1 0 0 0 1 5 57 1 1 0 0 0 0 0 0 0 0 0 0 
0 0 0 0 1 1 2 10 1 1 0 1 0 0 0 0 0 0 0 0 0 0 1 13 2 0 0 0 0 0 0 0 0 0 0 0 
0 1 1 0 1 3 5 3 2 1 0 0 0 0 0 0 0 0 0 0 0 1 0 5 1 2 0 0 0 0 0 0 0 0 0 0 
0 3 3 1 2 9 9 5 3 6 1 2 0 0 0 0 0 0 0 0 0 0 1 1 0 0 0 0 0 0 0 1 0 0 0 0 
1 9 23 15 27 29 27 17 13 17 11 5 1 1 0 0 0 0 0 0 0 0 1 4 0 0 1 1 0 0 0 0 0 0 1 0 
MET
3 20 19 19 15 23 12 14 19 9 11 3 0 0 0 0 0 0 0 0 0 0 0 1 0 1 0 0 0 0 0 0 0 0 1 1 
14 53 83 96 77 56 35 29 38 49 75 24 3 1 0 0 0 0 0 0 0 0 0 0 0 0 0 0 0 0 0 0 0 0 0 0 
15 43 103 166 170 100 103 86 66 72 99 69 7 0 0 0 0 0 0 0 0 0 0 0 0 0 0 0 0 0 0 0 0 0 0 0 
5 18 76 146 159 156 149 117 99 107 119 142 53 5 2 0 0 0 0 0 0 0 0 0 0 0 0 0 0 0 0 0 0 0 0 0 
2 15 32 102 158 150 150 153 120 137 130 129 89 19 1 1 0 0 0 0 0 0 0 0 1 0 0 0 0 0 0 0 0 0 0 0 
1 6 30 52 77 111 138 128 112 108 109 63 51 16 0 1 0 1 0 0 0 0 0 0 0 0 0 0 0 0 0 0 0 0 0 0 
0 1 13 28 25 64 72 75 77 69 50 26 10 3 2 0 0 0 0 0 0 0 0 0 0 3 0 1 0 0 0 0 0 0 0 0 
0 4 3 12 12 19 39 36 45 42 12 1 2 0 0 0 0 0 0 0 0 0 1 0 0 0 1 0 0 0 0 0 0 0 0 0 
0 1 1 3 7 18 10 26 26 97 22 1 1 1 0 0 0 0 0 0 0 0 0 1 0 3 0 0 0 0 0 0 0 0 0 0 
0 0 1 4 14 8 11 11 15 20 16 1 0 0 0 0 0 0 0 0 0 1 1 2 2 0 0 0 1 0 0 0 0 0 0 0 
0 1 1 2 11 6 7 4 8 35 7 2 0 0 0 0 0 0 0 0 0 0 2 4 3 0 0 0 0 0 0 0 0 0 0 0 
1 0 1 4 15 18 5 2 3 27 1 0 0 0 0 0 0 0 0 0 0 1 1 3 5 0 0 0 0 0 0 0 0 0 0 0 
0 0 2 2 3 4 0 1 4 14 2 0 0 0 0 0 0 0 0 0 0 0 9 7 2 0 0 0 0 0 0 0 0 0 0 0 
0 0 3 6 6 4 2 3 3 3 2 0 0 0 0 0 0 0 0 0 0 0 11 16 3 0 0 0 0 0 0 0 0 0 0 0 
0 0 0 6 8 13 13 3 6 5 1 0 0 0 0 0 0 0 0 0 0 1 1 27 17 2 0 0 0 0 0 0 0 0 0 0 
0 0 4 2 7 21 19 18 28 18 5 1 0 0 0 0 0 0 0 0 0 0 2 12 15 4 0 0 0 0 0 0 0 0 0 0 
0 0 0 1 10 31 42 50 42 34 3 2 1 0 0 0 0 0 0 0 0 0 0 2 12 7 0 0 0 0 0 0 0 0 0 0 
0 0 0 0 9 53 136 77 86 68 21 1 0 0 0 0 0 0 0 0 0 0 0 0 6 3 1 0 0 0 0 0 0 0 0 0 
0 0 0 0 5 29 105 73 79 154 110 27 2 0 0 0 0 0 0 0 0 0 0 0 0 2 2 0 0 0 0 0 0 0 0 0 
0 0 0 1 0 7 29 47 71 214 162 197 30 0 0 0 0 0 0 0 0 0 0 0 1 0 2 0 0 0 0 0 0 0 0 0 
0 0 3 1 1 12 29 24 58 158 260 448 112 6 1 0 0 0 0 0 0 0 0 0 0 0 0 0 0 0 0 0 0 0 0 0 
0 0 0 0 2 5 5 24 28 86 469 1800 400 30 2 0 0 0 0 0 0 0 0 0 0 0 0 0 0 0 0 0 0 0 0 0 
0 0 0 1 1 0 3 4 30 33 231 2346 1042 49 3 2 0 0 0 0 0 0 0 0 1 1 0 0 0 0 0 0 0 0 1 0 
0 0 0 0 2 2 1 3 4 5 41 316 217 35 6 0 0 1 0 0 0 0 0 0 0 2 0 0 0 0 0 0 0 0 0 0 
0 1 0 0 1 0 0 2 0 3 3 9 14 7 1 0 1 0 0 0 0 1 0 0 0 0 0 0 0 0 0 0 0 0 1 0 
0 0 0 0 0 0 0 1 2 2 0 1 0 0 0 0 0 0 0 0 0 0 0 0 0 1 0 0 0 0 0 0 0 0 0 0 
0 0 0 0 0 0 1 1 0 0 1 2 0 1 0 0 0 0 0 0 0 0 0 0 0 0 0 0 0 0 0 0 0 0 0 0 
0 0 0 0 1 0 3 0 0 0 0 0 0 1 0 0 0 0 0 0 0 0 1 0 0 0 0 0 0 0 0 0 0 0 0 0 
0 0 0 0 0 1 0 0 0 0 0 0 0 0 0 0 0 0 0 0 0 0 0 1 0 0 0 0 0 0 0 0 0 0 0 0 
0 0 0 0 0 0 1 0 0 0 0 0 0 0 0 0 0 0 0 0 0 0 2 1 0 0 0 0 0 0 0 0 0 0 0 0 
0 0 0 0 0 0 0 0 2 0 0 0 0 0 0 0 0 1 0 0 0 0 5 3 0 0 0 0 0 0 0 0 0 0 0 0 
0 0 0 0 0 0 3 0 2 2 0 0 0 0 0 0 0 0 0 0 0 0 1 4 1 0 0 0 0 0 0 0 0 0 0 0 
0 0 0 0 0 1 1 2 1 0 0 0 0 0 0 0 0 0 0 0 0 0 0 14 1 0 0 0 0 0 0 0 0 0 0 0 
0 0 0 0 0 0 1 0 1 0 0 0 0 0 0 0 0 0 0 0 0 0 0 1 1 0 0 0 0 0 0 0 0 0 0 0 
0 0 0 1 1 0 1 1 1 1 0 0 0 0 0 0 0 0 0 0 0 0 0 0 0 0 0 0 0 0 0 0 0 0 0 0 
0 0 5 7 1 8 3 6 5 4 1 0 0 0 0 0 0 0 0 0 0 0 0 0 0 0 0 0 0 1 0 0 0 0 0 3 
PHE
18 62 135 102 65 47 35 19 15 12 10 3 0 0 0 0 0 0 0 0 0 0 0 0 0 0 0 0 0 0 0 0 0 0 0 1 
49 238 448 388 232 251 117 78 61 61 73 33 4 0 0 0 0 0 0 0 0 0 0 0 0 0 0 0 0 0 0 0 0 0 0 4 
30 147 352 446 491 445 297 204 173 162 272 171 28 2 0 0 0 0 0 0 0 0 0 0 0 0 0 1 0 0 0 0 0 0 1 0 
6 57 120 221 430 426 384 310 327 352 369 326 104 10 0 0 0 0 0 0 0 0 0 1 0 0 0 2 0 0 0 0 0 0 0 1 
6 28 93 146 319 432 464 400 384 285 283 335 235 41 6 0 1 0 0 0 0 0 0 0 0 0 0 0 0 0 0 0 0 1 0 0 
4 8 62 143 215 319 334 381 355 251 177 185 111 32 3 1 0 0 0 0 0 0 0 0 0 0 1 0 0 0 0 0 0 0 0 0 
0 6 33 78 105 167 234 240 234 158 78 58 26 5 1 0 0 1 0 0 0 0 0 0 1 1 0 0 0 0 0 0 0 1 0 0 
0 5 17 36 59 103 131 174 137 86 39 8 1 2 0 0 0 0 0 0 0 0 0 0 0 0 0 0 0 0 0 0 0 0 0 0 
0 3 8 13 42 73 79 109 76 60 8 1 2 0 0 0 0 0 0 0 0 0 0 1 3 0 0 0 0 0 1 0 0 0 0 1 
0 0 7 11 85 90 24 29 18 36 14 1 0 1 1 0 0 0 0 0 0 0 0 0 0 1 0 0 0 0 0 0 0 0 0 0 
0 3 32 46 65 106 17 13 25 47 15 1 0 0 0 1 0 0 0 0 0 0 0 3 5 2 0 0 0 0 0 0 0 0 0 0 
1 0 12 18 48 78 8 5 19 50 16 0 0 0 0 0 0 0 0 0 0 3 6 11 15 1 0 0 0 0 0 0 0 0 0 0 
0 0 6 21 50 26 7 3 43 143 27 1 0 0 0 0 0 0 1 0 0 1 32 25 4 0 0 0 0 0 0 0 0 0 0 0 
0 0 1 12 19 17 22 29 25 41 12 0 0 1 0 0 0 0 0 0 0 1 21 60 13 0 0 0 0 0 0 0 0 0 0 0 
0 0 0 5 13 41 57 46 23 10 0 2 0 0 0 0 0 0 0 0 0 0 3 69 31 2 0 0 0 0 0 0 0 0 0 0 
0 0 2 8 26 68 93 97 66 6 2 0 0 0 0 0 0 0 0 0 0 0 1 47 64 4 0 0 0 0 0 0 0 0 0 0 
0 1 0 6 20 85 122 222 126 22 3 0 0 0 0 0 0 0 0 0 0 0 2 13 60 19 0 0 0 0 0 0 0 0 0 0 
0 0 0 7 30 66 136 351 207 109 25 4 0 0 0 0 0 0 0 0 0 0 0 1 16 23 1 0 0 0 0 0 0 0 0 0 
0 1 2 10 16 73 96 163 222 198 140 36 1 1 0 0 0 0 0 0 0 0 0 1 4 8 6 1 0 0 0 0 0 0 0 0 
0 1 1 8 14 54 94 75 146 212 259 215 15 1 0 0 0 0 0 0 0 0 0 0 4 5 2 0 0 0 0 0 0 1 0 0 
0 0 0 5 13 22 35 65 79 154 408 465 150 7 1 1 0 0 0 0 0 0 0 0 1 2 0 0 0 0 0 0 0 0 0 0 
0 0 1 1 2 14 33 31 51 104 661 1652 573 37 1 1 0 0 0 0 0 0 0 0 4 1 1 0 0 0 0 0 0 0 0 0 
0 0 1 1 2 5 14 32 42 91 448 3869 2322 140 5 1 0 0 0 0 0 0 0 0 2 2 2 0 0 0 0 0 0 0 0 0 
0 0 3 6 5 8 9 10 22 32 77 631 903 117 3 2 0 1 0 0 0 0 1 0 1 2 0 0 0 0 0 1 0 0 0 0 
0 0 4 6 1 5 0 9 21 12 8 23 41 10 0 1 0 0 0 0 0 0 0 0 0 0 0 0 0 0 0 0 0 0 0 0 
0 0 4 12 7 13 2 2 12 5 1 1 2 3 1 1 1 0 0 0 0 0 0 0 0 0 0 0 0 0 0 0 0 0 0 0 
1 0 0 3 1 1 0 4 1 0 0 0 0 1 0 0 0 0 0 0 0 0 0 0 0 0 0 0 0 0 0 0 0 0 0 0 
0 0 0 0 1 0 1 0 1 0 0 0 1 0 0 0 0 0 0 0 0 0 0 0 0 0 0 0 0 1 0 0 0 0 0 0 
0 0 0 1 0 1 1 0 0 0 0 0 0 0 0 0 0 0 0 0 0 0 0 0 0 0 0 0 0 0 0 0 0 0 0 0 
0 0 0 0 0 0 1 0 1 0 0 0 0 0 0 0 0 0 0 0 0 0 1 5 1 0 0 0 0 0 0 0 0 0 0 0 
0 0 0 0 0 0 0 6 0 0 0 0 0 0 0 0 0 0 0 0 0 0 4 4 2 0 0 0 0 0 0 0 0 0 0 0 
0 0 0 0 1 1 2 6 10 0 0 0 0 0 0 0 0 0 0 0 0 0 1 5 1 0 0 0 0 0 0 0 0 0 0 0 
1 0 0 0 0 0 2 0 0 0 0 0 0 0 0 0 0 0 0 0 0 0 0 0 0 0 0 0 0 0 0 0 0 0 0 0 
1 0 3 0 0 1 4 1 1 1 0 0 0 0 0 0 0 0 0 0 0 0 0 3 0 0 0 0 0 0 0 0 0 0 0 0 
0 4 6 2 0 3 5 1 3 1 0 0 0 0 0 0 0 0 0 0 0 0 1 1 2 0 0 0 0 0 0 0 0 0 0 0 
3 10 18 10 12 12 5 8 5 3 0 0 0 0 0 0 0 0 0 0 0 0 0 0 1 0 0 0 0 0 0 0 0 0 0 0 
PRO
0 0 0 0 0 0 0 8 38 222 443 148 15 1 0 0 0 0 0 0 1 0 0 0 0 0 0 0 0 0 0 0 0 0 0 0 
0 0 0 0 1 0 2 8 64 403 1155 915 121 6 1 0 0 0 0 0 0 0 0 0 0 0 0 0 0 0 0 0 0 0 0 0 
0 0 0 1 0 0 2 7 50 375 1485 2603 850 38 2 0 0 1 0 0 0 0 0 0 0 0 0 0 0 0 0 0 0 0 0 0 
0 0 0 0 0 2 1 5 39 243 1127 2878 2141 187 7 1 1 1 0 0 0 0 0 0 0 0 0 0 0 0 0 0 0 0 0 0 
0 0 0 0 0 0 1 5 16 143 623 1596 2197 404 18 0 1 0 0 0 0 0 0 0 0 0 0 0 0 0 0 0 0 0 0 0 
0 0 0 1 0 0 1 2 15 102 219 474 611 250 22 1 1 0 0 0 0 0 0 0 0 0 0 0 0 0 0 0 0 0 0 0 
0 0 0 0 0 0 0 1 11 52 74 85 106 61 13 2 3 0 0 0 0 0 0 0 0 0 0 0 0 0 0 0 0 0 0 0 
0 0 1 0 0 0 1 1 6 17 30 21 12 10 3 1 0 0 0 0 0 0 0 0 1 0 0 0 0 0 0 0 0 0 0 0 
0 0 0 0 0 0 1 4 0 13 17 14 9 0 0 0 0 2 0 0 1 0 0 0 0 0 0 0 0 0 0 0 0 0 0 0 
0 0 0 0 0 0 0 0 1 24 42 7 5 1 0 1 0 0 0 0 0 0 0 0 0 0 0 0 0 0 0 0 0 0 0 0 
0 1 0 0 0 2 0 0 3 57 79 7 2 2 0 0 0 0 2 0 0 0 0 0 0 0 1 0 0 0 0 0 0 0 0 0 
0 0 0 0 0 0 0 3 4 107 98 9 4 0 1 1 0 1 0 0 0 0 0 0 0 0 0 0 0 0 0 0 0 0 0 0 
0 0 0 0 0 0 1 6 2 63 70 8 0 0 0 0 0 0 1 0 0 0 0 0 0 0 0 0 0 0 0 0 0 0 0 0 
0 0 0 0 0 3 0 16 7 23 20 9 0 0 0 0 0 0 0 0 0 0 0 0 0 1 0 0 0 0 0 0 0 0 0 0 
0 0 0 0 0 0 1 14 17 25 19 4 1 1 0 0 0 0 0 0 0 0 0 0 0 0 0 0 0 0 0 0 0 0 0 0 
0 0 0 0 0 0 0 20 55 52 23 6 0 2 0 0 0 0 0 1 0 0 0 0 0 0 0 0 0 0 0 0 0 0 0 0 
0 0 0 0 0 0 1 28 97 105 54 8 3 0 0 0 0 0 0 0 0 0 0 0 0 0 0 0 0 0 0 0 0 0 0 0 
0 0 0 0 0 2 0 30 120 256 158 52 6 1 0 0 0 0 0 0 0 0 0 0 0 0 0 0 0 0 0 0 0 0 0 0 
0 0 0 0 0 0 0 15 101 364 610 340 39 4 1 0 0 0 0 0 0 0 0 0 0 0 0 0 0 0 0 0 0 0 0 0 
0 0 0 0 0 0 0 6 30 218 752 1556 354 19 2 0 0 0 0 0 0 0 0 0 0 0 0 0 0 0 0 0 0 0 0 0 
0 0 0 0 0 0 1 2 7 57 439 2205 1746 104 4 1 0 0 0 0 0 0 0 0 0 0 0 0 0 0 0 0 0 0 0 0 
0 0 0 0 0 0 0 1 3 11 98 1828 2814 497 14 1 0 0 1 0 0 0 0 0 0 0 0 0 0 0 0 0 0 0 0 0 
0 0 0 0 0 0 0 0 2 3 15 351 1584 638 42 1 0 0 0 0 0 0 0 0 0 0 0 0 0 0 0 0 0 0 0 0 
0 0 0 0 0 0 0 0 0 1 9 22 128 167 40 5 2 0 0 0 0 1 0 0 0 0 0 0 0 0 0 0 0 0 0 0 
0 0 0 0 0 0 0 0 0 0 4 6 18 25 10 7 0 0 1 0 0 0 0 0 0 0 0 0 0 0 0 0 0 0 0 0 
1 0 0 0 0 0 0 1 1 0 1 2 2 7 7 2 1 1 0 0 0 0 0 0 0 0 0 1 0 0 0 0 0 0 0 0 
0 0 0 0 0 0 0 1 0 2 1 2 4 5 2 1 0 0 1 0 0 0 0 0 0 0 0 0 0 0 0 0 0 0 0 0 
0 0 0 0 0 0 1 2 0 0 0 0 1 0 0 0 0 1 0 0 0 0 0 0 0 0 0 0 0 0 0 0 0 0 0 0 
0 0 1 0 0 0 0 0 2 1 0 2 0 2 0 0 0 0 0 0 0 0 0 0 0 0 0 0 0 0 0 0 0 0 0 0 
0 0 0 0 0 0 0 0 0 1 0 0 0 0 0 0 0 0 1 0 0 0 0 0 0 0 0 0 0 0 0 0 0 0 0 0 
0 0 0 0 1 0 0 1 1 1 0 0 0 0 0 0 0 0 0 0 0 0 0 0 0 0 0 0 0 0 0 0 0 0 0 0 
0 0 0 0 0 1 1 0 1 0 2 1 0 0 0 0 0 0 0 0 0 0 0 0 0 0 0 0 0 0 0 0 0 0 0 0 
0 0 0 0 0 0 2 0 0 2 1 1 2 2 0 0 0 0 0 0 0 0 0 0 0 0 0 0 0 0 0 0 0 0 0 0 
0 0 0 0 0 0 1 0 1 4 5 0 2 0 0 0 0 0 0 0 0 0 0 0 0 0 0 0 0 0 0 0 0 0 0 0 
0 0 0 0 0 0 0 0 6 11 14 3 2 1 0 0 0 0 0 0 0 0 0 0 0 0 0 0 0 0 0 0 0 0 0 0 
0 0 1 1 0 1 1 12 14 82 62 17 5 2 1 0 0 0 0 0 0 0 0 0 0 0 0 0 0 0 0 0 0 0 0 0 
SER
68 235 350 260 182 101 89 103 136 266 312 98 9 2 1 0 0 0 0 0 0 1 0 0 3 7 1 0 0 1 1 0 1 0 1 3 
92 410 665 512 383 266 248 257 270 508 799 534 54 2 2 0 0 0 0 0 0 0 1 0 1 2 3 0 0 0 0 0 0 3 1 7 
55 274 790 662 580 518 321 264 231 398 901 958 219 14 2 0 0 0 0 0 0 0 1 1 0 3 3 0 0 0 0 1 1 1 1 8 
40 161 356 384 487 455 297 299 315 324 769 837 378 35 3 0 0 0 0 0 0 0 0 0 0 2 1 1 0 0 0 0 1 0 2 7 
13 100 195 261 341 345 283 253 291 289 360 537 463 92 4 4 1 0 1 0 0 0 1 1 0 2 1 1 0 0 1 0 0 0 3 4 
3 32 79 123 190 200 230 228 266 297 219 213 155 48 11 2 5 1 0 1 0 0 0 0 0 3 0 0 0 0 0 1 0 0 1 2 
13 26 49 86 142 146 174 163 154 187 128 57 34 20 8 2 3 1 0 0 0 2 1 2 0 0 1 2 1 0 0 0 0 0 0 2 
3 5 20 43 92 122 74 51 61 75 30 19 4 1 0 1 1 0 0 1 0 2 0 1 1 0 0 0 0 0 0 0 0 0 1 2 
0 8 7 48 40 57 61 25 30 30 12 3 2 0 0 2 1 0 0 0 0 1 0 1 2 0 0 0 0 0 0 0 0 0 0 0 
2 4 11 22 30 22 38 16 17 28 13 2 2 1 0 0 0 0 1 0 2 0 1 4 2 0 0 0 0 0 0 0 1 0 0 0 
1 2 16 24 26 19 5 6 17 23 11 5 0 0 0 0 1 1 0 0 1 2 7 10 5 2 2 0 0 0 0 0 0 0 0 0 
3 1 12 24 45 18 5 9 24 55 11 1 1 0 0 0 0 0 0 1 1 8 37 29 13 2 1 0 0 1 0 0 0 0 0 1 
2 4 7 20 33 15 6 2 10 42 7 1 0 0 0 0 0 0 0 0 1 13 82 89 13 0 0 0 0 0 0 0 0 0 0 0 
0 2 2 7 24 22 10 16 19 9 8 1 0 0 0 0 0 0 0 0 2 2 88 134 24 2 1 0 0 0 0 0 0 0 0 1 
2 1 4 11 19 32 31 27 15 12 11 2 0 0 0 0 0 0 0 0 0 0 13 130 65 4 0 0 0 0 0 0 0 0 0 1 
0 2 2 12 40 55 84 68 29 18 5 1 0 0 0 0 0 0 0 0 1 0 5 57 70 7 1 0 0 0 0 0 0 0 0 0 
0 3 3 18 50 72 138 181 146 72 10 1 2 1 0 0 0 0 0 0 0 0 2 5 55 29 2 0 0 0 0 0 0 1 0 0 
2 2 3 35 58 68 138 286 406 338 108 19 3 0 1 0 0 0 0 0 0 0 0 2 13 34 6 1 0 0 0 0 0 0 0 2 
1 2 7 37 146 98 103 200 490 915 643 248 23 1 0 0 0 0 0 1 1 0 0 2 1 21 11 8 0 0 2 0 0 1 0 1 
0 3 5 5 32 66 93 170 321 830 1519 1567 160 10 1 0 0 0 0 0 0 0 0 0 1 4 3 5 1 3 0 0 4 2 1 0 
0 0 0 7 23 25 73 106 186 402 932 2059 652 32 3 0 0 0 0 0 0 0 0 0 1 2 1 0 1 2 1 1 0 0 0 0 
1 0 4 10 15 27 32 41 93 163 846 2961 1293 142 10 3 1 1 0 0 0 1 0 0 2 3 0 0 2 0 0 0 0 0 0 1 
0 1 1 7 7 13 10 20 41 82 448 3173 1710 193 18 3 1 0 0 0 1 0 0 0 2 4 2 0 0 0 0 1 1 0 1 2 
1 2 1 3 2 10 35 22 16 25 63 272 307 103 10 3 1 0 0 0 0 0 0 1 5 3 0 0 0 0 0 0 0 0 0 0 
1 1 6 5 5 14 14 8 11 9 8 26 32 23 7 4 3 0 0 0 0 0 0 1 3 0 0 0 0 0 0 0 0 0 0 0 
0 2 1 6 16 6 6 3 2 3 5 5 9 7 3 1 0 2 0 0 0 0 1 0 0 1 0 1 0 0 1 0 0 0 0 0 
0 1 4 3 3 4 6 11 3 3 6 2 1 1 4 1 0 1 0 0 0 0 0 0 0 0 0 0 0 0 0 0 0 0 0 1 
0 0 4 1 6 4 2 9 2 0 1 0 2 1 2 0 0 1 0 0 0 0 0 3 0 0 0 0 0 0 0 0 0 0 0 0 
0 1 0 5 4 3 3 1 7 1 1 1 1 0 0 0 0 0 0 0 1 1 1 2 4 0 0 0 0 0 0 0 0 0 0 0 
0 1 3 2 6 1 1 2 2 0 0 0 0 0 1 0 0 1 0 0 1 1 8 17 10 1 0 0 0 0 0 0 0 0 0 0 
0 0 0 1 1 2 2 7 3 1 0 1 0 0 0 0 0 0 1 0 1 2 15 33 14 4 0 0 0 0 0 0 0 0 0 0 
1 0 2 0 6 4 2 1 6 1 0 0 2 0 0 0 0 0 0 0 0 1 4 22 3 0 0 0 0 0 0 0 0 0 0 0 
1 2 7 5 2 6 3 2 2 0 0 0 1 0 0 0 0 0 0 0 0 0 0 7 1 0 0 0 0 1 0 0 0 0 0 0 
1 6 4 12 8 5 3 1 1 5 1 2 0 0 0 0 0 0 0 0 0 0 3 3 6 1 0 0 0 1 0 0 0 0 0 1 
6 17 38 44 29 13 17 17 29 16 6 1 1 0 0 0 0 0 0 0 0 0 0 3 7 1 0 0 0 0 0 0 0 0 0 1 
33 101 135 121 83 54 43 44 51 62 37 5 1 1 0 0 1 0 0 0 0 0 0 0 9 8 1 0 0 0 0 0 0 0 1 5 
THR
19 47 106 252 466 549 210 175 294 244 150 40 1 0 0 0 0 0 0 1 0 0 0 0 3 3 0 0 0 0 0 0 1 0 0 3 
18 58 177 533 909 707 470 278 522 580 593 198 16 2 0 0 0 0 0 0 0 0 0 0 3 4 1 0 0 0 0 0 1 0 0 0 
48 254 299 486 900 812 506 303 283 282 392 263 39 5 1 0 0 0 0 0 0 0 1 2 2 2 1 0 0 0 0 0 1 1 1 1 
8 70 198 487 817 639 391 219 221 193 261 281 105 23 3 1 0 0 0 0 0 0 0 1 0 4 0 0 0 1 1 0 0 0 0 2 
4 16 43 194 608 829 701 561 374 300 374 392 234 45 7 1 0 0 0 0 0 0 0 0 0 0 0 0 1 1 0 0 0 0 1 0 
1 2 12 105 342 703 810 693 531 380 341 326 193 41 11 3 0 0 0 0 0 1 0 0 0 1 1 0 0 0 0 0 0 2 0 1 
1 2 5 39 149 285 309 351 349 193 117 50 25 13 1 1 0 0 0 0 0 0 0 0 0 1 0 0 0 0 0 0 0 0 0 0 
0 1 3 3 45 93 80 102 69 47 23 8 7 0 1 0 0 0 0 0 2 0 0 3 1 0 1 0 0 2 1 0 0 1 0 0 
1 0 1 9 27 83 35 17 15 21 6 2 1 0 1 0 0 0 0 0 0 0 0 1 3 1 1 0 0 0 0 0 0 0 1 0 
0 0 2 4 36 39 14 5 7 30 5 3 1 0 0 0 0 1 0 0 0 0 0 0 0 1 1 0 0 0 0 0 0 0 0 0 
0 0 0 7 100 88 10 1 7 10 1 1 0 0 0 0 0 0 0 0 0 1 2 2 4 1 1 0 1 0 0 0 0 0 0 0 
0 1 2 8 128 113 6 1 3 17 3 0 0 0 1 0 0 0 0 1 5 7 5 6 2 0 0 0 0 0 0 0 0 0 0 0 
0 0 0 2 15 15 4 0 2 8 4 0 0 0 0 0 0 0 0 0 2 7 11 10 2 1 1 0 0 0 0 0 0 0 0 0 
0 1 1 2 17 17 5 5 5 10 1 1 0 0 0 0 0 0 0 0 0 1 7 17 4 0 0 0 0 0 0 0 0 0 0 0 
0 1 2 6 23 41 25 21 17 9 2 1 0 0 0 0 0 0 0 0 0 1 2 4 5 0 0 0 0 0 0 0 0 0 0 0 
0 0 1 7 33 83 105 72 23 15 2 1 0 0 0 0 0 0 0 0 0 0 1 2 7 1 0 0 0 0 0 0 0 0 0 1 
0 0 0 6 45 161 210 194 105 38 9 3 0 0 0 0 0 0 0 0 0 0 1 9 16 5 0 0 0 0 0 0 0 0 0 0 
2 0 3 7 73 215 296 442 479 205 77 7 1 0 0 0 0 0 0 0 0 0 0 5 7 9 1 1 0 0 0 0 0 0 0 0 
0 0 0 6 85 204 298 339 459 512 394 104 3 1 0 0 0 0 0 0 0 0 0 0 2 21 3 0 0 0 0 0 0 0 0 0 
1 0 1 11 57 209 321 370 399 403 596 572 55 1 3 0 0 0 0 0 0 0 0 0 3 2 8 0 0 0 0 0 0 0 0 0 
0 0 1 2 27 99 186 255 492 344 599 1122 256 11 2 0 0 0 0 0 0 0 0 0 1 1 0 3 0 0 0 0 0 0 0 0 
0 0 1 5 11 62 78 91 203 229 658 2156 647 49 4 0 0 0 0 0 0 0 0 0 1 1 4 0 0 0 0 0 0 0 0 0 
0 0 3 2 6 25 57 51 75 157 540 4163 1884 159 11 2 0 0 0 0 0 0 0 0 5 3 1 0 0 0 0 0 0 0 0 0 
0 0 0 1 2 30 35 25 31 37 81 356 430 323 60 4 0 0 0 0 1 0 0 0 4 4 0 0 1 0 1 0 0 0 0 1 
1 1 0 0 4 10 14 5 3 11 11 23 44 21 14 1 1 0 1 0 0 0 0 0 1 0 0 0 0 1 0 0 0 0 0 0 
0 0 1 1 4 23 11 10 0 5 3 5 18 9 3 0 1 0 1 0 0 0 0 1 1 0 0 1 0 0 0 0 0 0 0 0 
0 0 0 0 4 6 7 16 6 3 1 0 0 1 0 1 0 0 1 0 0 0 0 0 1 0 0 0 1 0 0 0 0 0 0 0 
0 0 0 1 3 12 9 12 6 1 1 0 0 1 0 0 0 0 0 0 0 0 0 0 0 0 0 0 0 1 0 0 0 0 0 0 
0 0 0 0 0 3 6 2 1 0 0 0 0 0 1 0 0 0 0 1 1 0 0 0 0 0 0 0 0 0 0 0 0 0 0 0 
0 0 0 0 0 1 1 0 1 1 0 0 1 0 0 0 0 0 0 0 0 9 2 0 0 0 0 0 1 0 0 0 0 0 1 0 
0 0 0 0 0 1 4 2 0 0 0 0 0 0 1 0 0 0 0 0 0 1 0 0 0 0 0 0 0 0 0 0 0 1 0 0 
0 0 0 0 1 3 2 4 2 0 1 0 0 0 0 0 0 0 0 0 0 0 2 1 1 0 1 0 0 0 0 0 0 0 0 0 
0 1 0 4 1 2 3 0 2 1 0 1 0 0 0 0 0 0 0 0 0 0 2 0 2 0 0 0 0 0 0 0 0 0 0 0 
0 3 5 2 5 7 5 9 1 1 2 0 1 0 0 0 0 0 0 0 0 0 0 0 0 0 0 0 0 0 0 0 0 0 0 0 
1 21 63 30 44 26 19 32 11 9 3 3 1 0 0 0 0 0 0 0 0 0 0 0 0 0 0 0 0 1 0 0 0 0 0 0 
12 37 110 133 137 111 70 67 67 52 35 10 1 0 1 0 0 0 0 0 0 0 0 0 0 0 0 0 0 0 0 0 0 0 0 1 
TRP
5 28 71 45 32 15 15 14 18 12 3 2 1 0 0 0 0 0 0 0 0 0 0 0 0 0 0 0 0 0 0 0 0 0 0 1 
11 78 145 98 49 36 37 21 27 27 31 11 2 0 0 0 0 0 0 0 0 0 0 0 0 0 0 0 0 0 0 0 0 0 0 0 
8 33 100 119 130 153 123 92 58 72 75 71 14 1 0 0 0 0 0 0 0 0 0 1 0 0 0 0 0 0 0 0 0 0 0 0 
4 31 52 64 159 271 203 142 114 129 149 165 70 6 0 0 0 0 0 0 0 0 0 0 1 0 1 0 0 0 0 0 0 0 0 0 
0 11 37 67 109 163 182 179 175 249 178 174 83 19 4 0 0 1 0 0 0 0 0 0 0 0 1 0 0 0 0 0 0 0 0 0 
3 1 27 40 67 95 137 101 143 92 86 98 60 9 1 2 0 0 0 0 0 0 0 0 0 0 0 0 0 0 0 0 0 0 0 0 
0 0 13 26 38 81 99 134 169 82 35 23 4 3 1 0 0 0 0 0 0 0 0 0 0 0 0 0 0 0 0 0 0 0 0 0 
1 3 2 13 12 18 48 59 74 46 19 3 1 0 0 0 0 0 0 0 0 0 0 0 0 0 0 0 0 0 0 0 0 0 0 0 
0 0 1 3 23 26 44 27 20 27 10 1 0 0 0 0 0 0 0 0 0 0 0 0 0 0 0 0 0 0 0 0 0 0 0 0 
1 0 1 6 5 7 5 2 7 28 9 0 1 0 0 0 0 0 0 0 0 0 0 0 1 0 0 0 0 0 0 0 0 0 0 0 
1 0 4 7 10 9 11 9 9 25 4 0 0 0 0 0 0 0 0 0 0 0 0 3 1 0 0 0 0 0 0 0 0 0 0 0 
0 0 2 3 6 7 3 3 9 17 5 0 0 0 0 0 0 0 1 0 0 1 2 4 2 1 0 0 0 0 0 0 0 0 0 0 
2 1 0 1 3 2 4 2 1 6 0 0 0 0 0 0 0 0 0 0 1 0 6 6 2 0 0 0 0 0 0 0 0 0 0 0 
0 0 0 2 2 6 5 2 2 1 1 0 0 0 0 0 0 0 0 0 0 3 2 24 15 0 0 0 0 0 0 0 0 0 0 0 
0 0 0 0 2 1 8 6 4 2 0 0 0 0 0 0 0 0 0 0 0 0 6 27 22 1 0 0 0 0 0 0 0 0 0 0 
0 0 0 0 1 8 29 38 57 1 2 0 0 0 0 0 0 0 0 0 0 0 2 16 20 2 0 0 0 0 0 0 0 0 0 0 
0 0 4 2 3 8 30 80 251 12 5 1 0 0 0 0 0 0 0 0 0 0 0 10 29 4 0 0 0 0 0 0 0 0 0 0 
0 0 0 2 3 8 24 45 89 33 16 1 1 0 0 0 0 0 0 0 0 0 0 0 17 18 1 0 0 0 0 0 0 0 0 0 
0 0 1 1 2 9 22 26 65 89 75 30 0 0 0 0 0 0 0 0 0 0 0 0 3 3 1 1 0 0 0 0 0 0 0 0 
0 0 0 0 5 8 31 36 47 117 152 188 15 0 0 0 0 0 0 0 0 0 0 0 0 2 1 1 0 0 0 0 0 0 0 0 
0 0 3 3 4 13 25 52 35 85 257 344 104 4 0 0 0 0 0 0 0 0 0 0 0 0 0 0 0 0 0 0 0 0 0 0 
0 0 1 1 1 19 31 55 103 57 221 918 443 38 2 0 0 0 0 0 0 0 0 0 0 0 1 0 0 0 0 0 0 0 0 0 
0 0 0 1 0 3 21 16 33 33 170 1382 863 95 5 1 0 0 0 0 0 0 0 0 2 1 0 0 0 0 0 0 0 0 0 0 
0 1 1 7 4 3 5 7 11 13 22 186 421 259 7 1 0 0 0 0 0 0 0 0 1 0 0 0 0 0 0 0 0 0 0 0 
0 0 2 16 7 3 12 5 0 4 1 7 6 14 3 2 1 0 0 0 0 0 0 0 0 1 0 0 0 0 0 0 0 0 0 0 
0 0 1 2 0 3 6 1 4 1 0 0 0 0 1 1 0 0 0 0 0 0 0 0 0 0 0 0 0 0 0 0 0 0 0 0 
0 0 0 0 0 0 1 0 0 0 0 0 0 0 0 0 0 0 0 0 0 0 0 0 0 0 0 0 0 0 0 0 0 0 0 0 
0 0 0 0 0 0 1 0 0 0 0 0 0 0 0 0 0 0 0 0 0 0 0 0 0 0 0 0 0 0 0 0 0 0 0 0 
0 0 0 0 0 2 7 1 1 0 0 0 0 1 0 1 0 0 0 0 0 0 0 1 0 0 0 0 0 0 0 0 0 0 0 0 
0 0 0 0 1 0 1 0 0 0 0 0 0 0 0 0 0 0 0 0 0 0 0 4 2 0 0 0 0 0 0 0 0 0 0 0 
0 0 0 0 0 1 1 0 0 0 0 0 0 0 0 0 0 0 0 0 0 0 4 2 0 0 0 0 0 0 0 0 0 0 0 0 
0 0 0 0 0 0 0 0 0 0 0 0 0 0 0 0 0 0 0 0 0 0 1 6 1 0 0 0 0 0 0 0 0 0 0 0 
0 0 0 0 1 0 0 2 0 0 0 0 0 0 0 0 0 0 0 0 0 0 0 2 0 0 0 0 0 0 0 0 0 0 0 0 
0 1 3 1 1 1 0 2 1 0 1 0 0 0 0 0 0 0 0 0 0 0 1 0 0 0 0 0 0 0 0 0 0 0 0 0 
2 1 4 0 5 2 2 0 0 0 0 0 0 0 0 0 0 0 0 0 0 0 0 0 0 0 0 0 0 0 0 0 0 0 0 0 
0 6 24 8 7 4 2 4 1 5 1 0 0 0 0 0 0 0 0 0 0 0 0 0 0 0 0 0 0 0 0 0 0 0 0 0 
TYR
15 70 117 254 110 59 41 45 34 22 17 2 0 0 0 0 0 0 0 0 0 0 1 0 0 1 0 0 0 0 0 0 0 0 0 1 
27 224 485 474 269 232 108 147 102 88 80 51 4 1 0 0 0 0 0 0 0 0 0 0 0 2 0 0 0 0 0 0 0 0 0 4 
24 156 338 383 553 481 311 188 178 147 140 100 12 2 0 0 1 0 0 0 0 0 0 0 0 9 0 0 0 0 0 0 0 0 0 2 
13 73 142 206 435 609 450 321 387 230 245 221 138 25 1 0 0 1 0 0 0 0 1 0 1 3 0 0 0 0 0 0 0 0 1 3 
8 31 117 198 377 561 503 363 245 340 266 353 312 95 6 0 0 0 0 0 0 0 0 0 0 0 1 0 0 0 0 0 0 0 0 0 
1 16 67 158 279 371 452 262 272 232 226 511 158 37 5 2 0 0 0 0 0 0 0 1 0 0 0 0 0 0 0 0 0 0 1 0 
0 15 33 60 120 172 215 205 164 138 95 112 43 7 3 0 0 0 0 0 0 0 0 1 1 1 0 0 0 0 0 0 0 1 0 0 
0 7 14 20 53 119 138 135 84 68 25 11 4 1 0 0 0 0 0 0 0 0 0 0 0 2 0 0 0 0 0 0 0 0 0 1 
1 2 7 5 31 54 56 42 40 24 21 4 0 0 0 0 0 0 0 0 0 0 0 0 0 0 2 0 0 0 0 0 0 0 0 0 
0 0 4 7 25 47 28 22 18 23 8 0 0 0 0 0 0 0 0 0 0 0 0 4 5 7 1 0 0 0 0 0 0 0 0 0 
0 0 11 19 47 45 14 5 18 45 9 2 0 0 0 0 0 0 0 1 0 3 1 11 7 0 0 0 0 0 0 0 0 0 0 0 
0 1 1 9 46 36 8 3 17 32 6 0 0 0 0 1 0 0 1 0 0 5 9 9 2 2 0 0 0 0 0 0 0 0 0 0 
0 1 2 6 25 12 3 3 5 7 2 0 0 0 0 0 0 0 0 0 0 4 28 24 5 1 0 0 0 0 0 0 0 0 0 0 
0 0 1 0 9 15 13 4 4 4 3 0 0 0 0 0 0 0 0 0 0 3 29 76 14 0 0 0 0 0 0 0 0 0 0 0 
0 0 1 1 12 25 29 29 16 5 0 0 0 0 0 0 0 0 0 0 0 0 10 114 122 5 0 0 0 0 0 0 0 0 0 0 
0 2 6 9 17 65 90 92 30 10 3 0 0 0 0 0 0 0 0 0 0 0 1 35 116 14 0 0 0 0 0 0 0 0 0 0 
0 0 4 5 23 119 139 214 123 31 5 1 1 0 0 0 0 0 0 0 0 0 1 9 50 43 0 0 0 0 0 0 0 0 0 0 
0 1 2 2 25 77 147 362 283 132 29 7 0 0 0 0 0 0 0 0 0 0 0 0 25 21 2 1 0 0 0 0 0 0 0 0 
0 0 5 4 17 105 129 276 232 244 139 41 5 0 0 1 0 0 0 0 0 0 0 1 4 24 2 0 0 0 0 0 0 0 0 0 
0 2 2 14 19 56 89 125 120 176 235 190 17 2 0 0 0 0 0 0 0 0 0 0 0 1 2 1 0 0 0 0 0 0 0 0 
0 0 3 3 17 75 81 77 71 114 466 532 182 6 0 0 0 0 0 0 0 0 0 0 0 1 1 0 0 0 0 0 0 0 0 0 
0 1 1 1 6 73 56 54 51 106 501 1335 484 26 1 0 1 0 0 0 0 0 0 0 2 6 0 0 0 0 0 0 0 0 1 0 
1 0 0 0 3 19 21 22 38 65 365 2631 1956 152 7 0 0 0 0 0 0 0 0 0 1 2 0 0 1 0 0 0 0 0 0 0 
0 0 0 2 6 16 21 27 20 29 96 546 902 186 31 1 0 0 0 0 0 0 0 0 0 1 0 0 0 0 0 0 0 0 0 0 
0 0 0 2 12 10 6 17 11 6 9 18 30 30 7 1 2 0 0 0 0 0 0 0 0 0 1 1 0 0 0 0 0 0 0 0 
0 1 0 1 4 6 12 3 0 1 0 2 0 2 1 2 3 1 0 0 0 0 0 0 0 0 1 0 0 0 0 0 0 0 0 0 
0 0 0 1 1 2 0 1 0 0 1 0 1 0 0 0 0 0 1 0 0 0 0 0 1 0 0 0 0 0 0 0 0 0 0 0 
0 0 1 0 0 1 2 0 1 0 0 0 0 0 1 1 0 0 0 0 0 0 0 0 0 0 0 0 0 0 0 0 0 0 0 0 
0 0 0 0 0 0 2 0 1 2 0 0 0 0 0 0 0 0 0 0 0 0 0 2 0 0 0 0 0 0 0 0 0 0 0 0 
0 0 0 0 1 1 1 0 1 1 0 0 0 0 0 0 0 0 0 0 0 0 0 2 6 0 0 0 0 0 0 0 0 0 0 0 
0 0 0 1 0 2 1 1 0 1 0 0 0 0 0 0 0 0 0 0 0 0 2 3 9 2 0 0 0 0 0 0 0 0 0 0 
0 0 1 0 0 2 2 2 0 0 0 0 0 0 0 0 0 0 0 0 0 0 1 4 0 0 0 0 0 0 0 0 0 0 0 0 
0 1 0 1 2 2 2 0 5 0 0 0 0 0 0 0 0 0 0 0 0 0 2 6 1 0 0 0 0 0 0 0 0 0 0 0 
0 3 1 1 1 2 3 2 3 1 0 0 0 0 0 0 0 0 0 0 0 0 1 0 0 0 0 0 0 0 0 0 0 0 0 0 
0 1 3 6 2 5 4 1 1 4 0 0 0 0 0 0 0 0 0 0 0 0 0 0 1 0 0 0 0 0 0 0 0 0 0 0 
2 12 19 31 16 24 10 9 11 18 2 3 0 0 0 0 0 0 0 0 0 0 0 0 0 0 0 0 0 0 0 0 0 0 0 0 
VAL
0 2 12 86 185 158 102 25 14 15 10 3 0 0 0 0 0 0 0 0 0 0 0 1 0 0 0 0 0 0 0 0 0 0 0 0 
0 10 43 303 785 581 239 85 54 53 71 50 5 0 0 0 0 0 0 0 0 0 0 0 0 0 0 0 0 0 0 0 0 0 0 0 
3 30 123 423 1039 761 348 138 77 80 117 124 23 0 0 0 0 0 0 0 0 0 0 0 0 0 0 0 0 0 0 0 0 0 0 0 
5 43 193 546 1011 884 519 261 196 179 230 272 112 8 1 0 0 0 0 0 0 0 0 0 1 0 0 0 0 0 0 0 0 0 0 0 
5 12 61 410 1477 2068 1629 1003 735 522 646 593 386 42 3 2 0 1 0 0 0 0 0 0 1 0 0 0 0 0 0 0 0 0 0 0 
1 2 27 180 917 1991 2141 1521 1023 728 658 444 175 37 5 0 0 0 0 0 0 0 0 0 1 2 1 0 0 0 0 0 0 0 1 0 
0 2 6 40 374 869 1046 960 634 487 257 88 21 10 0 0 1 0 0 0 0 0 0 0 0 0 1 0 0 0 0 0 0 0 0 0 
1 0 3 12 129 264 344 415 265 214 87 18 1 0 0 0 1 1 0 0 0 0 0 0 0 1 0 0 0 0 0 0 0 0 0 0 
0 2 1 4 46 95 87 77 77 56 15 3 2 0 0 1 0 0 0 0 0 1 1 2 1 4 0 0 0 0 0 0 0 0 0 0 
0 0 0 6 26 52 32 23 16 34 7 0 1 0 0 0 0 0 0 0 0 3 3 1 1 0 0 0 0 0 0 0 0 0 0 0 
0 0 1 1 30 37 6 4 9 24 7 3 0 0 1 0 1 0 0 0 1 1 0 7 2 1 1 0 0 0 0 0 0 0 0 0 
0 0 0 3 28 17 3 0 4 8 2 0 0 0 0 0 0 0 0 0 0 0 1 6 3 0 0 0 1 0 0 0 0 0 0 0 
0 0 0 2 9 4 2 2 2 3 0 0 1 0 0 0 0 0 0 0 1 9 10 7 2 0 0 0 0 0 0 0 0 0 0 0 
0 0 0 2 4 6 3 5 0 0 1 0 0 0 0 0 0 0 0 0 2 5 9 8 2 0 0 0 0 0 0 0 0 0 0 0 
0 0 1 0 11 31 14 8 2 0 0 0 0 0 0 0 0 0 0 0 0 0 6 7 2 0 0 0 0 0 0 0 0 0 0 0 
1 0 0 1 27 41 76 39 10 2 1 1 0 0 0 0 0 0 0 0 0 0 0 10 15 0 0 0 0 0 0 0 0 0 0 0 
0 1 1 0 32 88 105 121 44 7 17 2 0 0 0 0 0 0 0 0 0 1 1 0 2 0 0 0 0 0 0 0 0 0 0 0 
0 0 0 2 25 72 191 145 157 57 25 7 0 0 0 0 0 0 0 0 0 0 1 0 1 1 0 0 0 0 0 0 1 0 0 0 
0 1 1 3 28 95 174 112 152 141 196 60 8 0 0 0 0 0 0 0 0 0 0 2 0 0 0 1 0 0 0 0 0 0 0 0 
0 0 1 5 22 89 129 118 111 173 281 387 57 3 0 0 0 0 0 0 0 0 0 0 1 0 0 0 0 0 0 0 0 1 0 0 
0 0 0 2 12 43 69 88 84 148 364 755 284 15 0 0 0 0 0 0 0 0 0 1 0 0 0 0 0 0 0 0 0 1 0 0 
0 0 0 0 7 28 47 71 79 142 955 2810 937 54 0 2 0 0 0 0 0 0 0 0 0 1 0 0 0 0 0 0 0 0 0 0 
0 0 0 0 5 31 52 96 155 250 1180 7652 3165 142 5 0 0 0 0 0 0 0 0 0 0 1 0 0 0 0 0 0 0 0 0 0 
0 5 0 0 12 40 78 96 106 133 244 1033 761 89 9 2 0 0 0 0 0 0 0 0 4 3 0 0 0 0 0 0 0 0 0 0 
3 0 0 1 7 15 21 19 19 27 22 34 28 17 1 1 0 0 0 0 0 0 0 0 1 1 0 0 0 0 0 0 0 0 0 0 
1 0 0 1 5 2 9 8 6 6 12 2 2 2 1 0 1 0 0 0 0 0 0 0 0 0 0 0 0 0 0 0 0 0 0 0 
0 0 0 1 0 8 5 5 6 1 4 4 0 0 0 0 1 0 0 0 0 0 0 0 0 3 0 0 0 0 0 0 0 0 0 0 
0 0 0 0 0 0 1 2 1 0 2 0 0 0 0 0 0 0 0 0 0 0 1 0 1 0 0 0 0 0 0 0 0 0 0 0 
0 0 0 0 0 0 1 2 0 1 0 0 0 0 0 0 0 0 0 0 0 0 0 2 1 0 0 0 0 0 0 0 0 0 0 0 
0 0 0 0 2 3 0 0 0 0 0 0 0 0 0 0 0 1 0 0 0 0 1 0 1 0 0 0 0 0 0 0 0 0 0 0 
0 0 0 0 1 0 3 2 0 0 0 0 0 0 0 0 0 0 0 0 0 0 0 0 0 0 0 0 0 0 0 0 0 0 0 0 
0 0 0 0 2 0 13 1 0 1 0 0 0 0 0 0 0 0 0 0 0 0 1 0 0 0 0 0 0 0 0 0 0 0 0 0 
0 0 1 0 0 3 1 0 0 0 0 0 0 0 0 0 0 0 0 0 0 0 2 0 0 0 0 0 0 0 0 0 0 0 0 0 
0 0 0 3 10 1 0 0 1 0 0 0 0 0 0 0 0 0 0 0 0 0 1 0 0 0 0 0 0 0 0 0 0 0 0 0 
0 0 0 6 18 8 6 2 2 2 1 0 0 0 0 0 0 0 0 0 0 0 0 1 0 0 0 0 0 0 0 0 0 0 0 0 
0 0 2 10 31 21 14 9 8 6 0 0 0 0 0 0 0 0 0 0 0 0 0 0 0 0 0 0 0 0 0 0 0 0 0 0 
