# from spine data, Apr 28, 2008
ALA
 0 0 0 0 0 0 0 0 0 0 0 0 0 0 0 1 0 0 0 0 0 0 0 0 0 0 1 1 1 0 0 0 0 0 0 0
 0 0 0 0 0 0 0 1 1 0 0 0 1 0 0 0 0 0 0 0 0 0 0 0 0 0 0 0 1 0 0 0 0 0 0 0
 0 0 0 0 0 0 0 0 0 0 0 0 0 0 0 0 0 0 0 1 0 0 0 2 0 0 0 0 0 1 0 1 0 0 0 0
 0 0 0 0 0 1 2 1 1 0 0 1 0 0 0 0 0 0 0 0 0 0 0 0 2 0 0 0 0 1 0 0 0 0 0 0
 0 0 1 3 4 12 11 7 0 2 0 1 2 1 0 0 0 0 0 0 0 0 0 1 5 2 0 0 0 0 0 0 0 0 0 0
 0 1 3 24 57 51 18 3 1 1 1 0 1 0 0 0 0 0 0 1 1 0 2 11 8 4 1 0 0 0 0 0 0 0 0 0
 0 2 34 52 48 22 11 2 1 1 0 1 1 1 2 1 0 0 1 0 3 1 2 7 5 2 0 0 0 0 0 0 0 1 1 0
 10 20 13 11 5 2 1 1 0 0 0 0 1 1 0 0 0 0 2 0 0 1 1 0 1 0 0 0 0 2 0 1 1 4 5 4
 4 4 3 1 1 1 0 0 0 0 0 1 1 1 0 0 0 1 0 0 0 1 0 1 0 0 0 0 0 1 0 2 1 0 0 1
 0 0 1 0 0 0 0 0 0 0 0 0 0 0 0 1 0 0 0 0 0 0 0 0 0 0 0 1 0 0 0 1 1 0 0 0
 1 0 0 0 0 0 0 0 0 0 0 0 0 0 1 0 0 0 0 0 0 2 0 0 0 0 0 0 0 1 0 0 0 0 0 0
 0 0 0 1 0 0 0 0 0 0 0 0 1 0 0 0 0 2 0 0 0 0 0 0 0 0 0 0 0 0 0 0 0 0 0 0
 0 0 0 0 0 0 0 1 1 0 0 0 0 0 0 0 0 1 0 0 0 0 0 0 0 0 0 0 1 0 0 0 0 0 1 0
 0 0 0 0 0 0 0 0 0 0 1 0 0 0 0 0 0 0 0 0 0 0 0 0 0 0 0 0 0 0 0 0 0 0 0 0
 0 0 0 0 0 0 0 1 0 0 0 0 0 0 0 0 0 0 0 0 0 0 0 0 0 0 0 0 0 0 0 0 0 0 0 0
 0 0 0 0 0 0 0 0 0 0 0 0 1 1 0 0 0 0 0 0 0 0 0 1 0 0 0 0 0 1 0 0 0 0 1 0
 0 1 0 0 0 0 0 0 0 0 0 1 0 0 0 0 0 0 1 0 1 0 0 0 0 0 0 0 0 1 0 1 0 0 2 0
 0 0 0 1 1 0 0 0 0 1 0 0 1 1 1 0 1 0 0 0 0 0 0 0 0 0 0 1 0 0 0 1 0 1 1 0
 1 0 0 0 0 0 0 2 0 0 3 0 2 2 4 12 20 19 7 1 2 0 2 1 0 0 1 1 0 0 0 0 0 0 0 0
 0 0 0 0 1 0 1 1 4 3 2 3 3 14 37 75 118 90 16 2 1 0 1 0 0 0 0 0 1 1 0 2 0 1 0 0
 2 1 0 4 2 3 3 5 5 6 3 10 19 39 123 288 303 159 40 10 2 2 1 0 0 0 1 1 0 0 0 0 0 3 1 0
 0 3 2 3 4 10 12 28 7 7 15 22 31 88 197 377 351 137 22 15 1 3 1 1 7 1 1 1 3 0 0 0 3 1 1 1
 4 10 8 8 6 11 13 26 16 14 18 32 55 107 243 299 209 76 23 10 3 1 3 1 3 1 1 2 0 4 1 3 4 3 5 8
 9 21 15 15 19 7 17 19 40 20 11 39 75 141 202 228 128 43 14 4 1 2 1 1 0 2 3 2 4 1 3 5 7 4 7 7
 19 23 20 20 9 8 7 7 3 18 22 51 95 157 215 177 95 35 16 6 1 1 3 0 1 5 3 0 0 6 7 7 5 14 14 18
 49 48 34 16 10 1 2 1 3 15 25 73 110 162 187 134 81 36 9 2 2 1 2 0 1 0 0 1 0 3 4 5 16 18 27 41
 117 94 49 11 6 4 3 4 5 21 38 59 107 174 158 112 79 37 13 4 1 1 1 2 1 1 4 3 2 2 7 14 27 35 56 77
 247 122 37 14 8 12 23 37 21 22 35 60 104 140 176 165 115 46 19 5 4 2 1 0 3 0 1 2 2 1 7 22 56 98 119 228
 230 41 14 7 6 12 42 46 42 23 36 33 100 180 256 259 206 84 23 5 3 3 0 0 0 0 0 1 3 7 25 84 234 324 342 389
 85 11 10 6 1 3 6 11 5 6 6 24 75 220 448 515 313 76 13 2 2 1 0 0 1 1 2 1 6 5 57 702 3378 1300 787 376
 11 2 2 0 0 1 2 1 2 5 3 14 69 275 555 422 123 17 8 3 1 0 0 0 0 0 0 2 4 19 123 2798 7474 1935 691 111
 1 0 0 0 0 0 1 1 1 1 3 7 32 165 194 62 15 3 2 1 0 3 0 1 0 0 1 1 2 19 98 662 743 262 46 7
 1 0 0 0 0 0 0 0 2 0 2 2 8 9 14 6 2 0 0 0 0 0 0 1 1 0 1 2 2 13 42 92 50 22 5 2
 0 0 0 0 0 0 0 0 1 0 0 3 1 3 2 2 1 0 0 0 0 1 1 0 0 0 0 1 0 3 12 16 6 1 0 0
 0 0 0 0 0 0 0 0 0 1 0 1 2 1 0 0 0 0 0 0 1 0 0 0 0 0 0 0 1 0 4 2 0 0 0 0
 0 0 0 0 0 0 0 1 0 0 0 0 0 0 0 0 0 1 0 0 0 1 0 0 0 0 0 1 0 2 0 0 0 0 0 0
CYS
 0 0 0 0 0 0 0 0 0 0 0 0 0 0 0 0 0 0 0 0 0 0 0 0 0 0 0 0 0 0 0 0 0 0 0 0
 0 0 0 0 0 0 0 0 0 0 0 0 0 0 0 0 0 0 0 0 0 0 0 0 0 0 0 0 0 0 0 0 0 0 0 0
 0 0 0 0 1 0 0 0 0 0 0 0 0 0 0 0 0 0 0 0 0 0 0 0 0 0 0 0 0 0 0 0 0 0 0 0
 0 0 0 0 0 0 1 1 0 0 0 0 0 0 0 0 0 0 0 0 0 0 0 0 0 0 0 0 0 0 0 0 0 0 0 0
 0 0 0 0 2 1 3 0 0 0 0 0 0 0 0 0 0 0 0 0 0 0 0 0 1 0 0 0 0 0 0 0 0 0 0 0
 0 0 0 3 16 14 7 1 0 0 0 0 0 0 0 0 0 0 0 0 0 0 1 0 1 0 1 0 0 1 0 0 0 0 0 0
 0 2 6 20 20 3 1 0 1 0 1 0 0 0 0 0 0 0 0 0 0 0 1 1 0 1 2 0 0 0 0 0 2 0 0 0
 3 7 6 3 1 1 1 0 0 0 0 0 1 1 0 0 1 0 0 0 0 1 0 0 1 0 0 0 0 0 0 0 0 0 0 0
 2 1 0 1 0 0 0 0 0 0 0 0 0 0 0 0 0 0 0 0 0 0 1 0 0 0 0 0 0 0 0 0 0 0 2 0
 1 1 0 0 0 0 0 0 0 0 1 1 0 0 0 0 0 0 0 0 0 0 0 0 0 0 0 0 0 0 0 0 0 0 1 1
 0 0 0 0 0 0 0 0 0 0 0 0 0 0 0 0 0 0 0 0 0 0 0 0 0 0 0 0 0 0 0 0 0 0 0 0
 0 0 0 0 0 0 0 0 0 0 0 0 0 0 0 0 0 0 0 0 0 0 0 0 0 0 0 0 0 0 0 0 0 0 0 0
 0 0 0 0 0 0 0 0 0 0 0 0 0 0 0 0 0 0 0 0 0 0 0 0 0 0 0 0 0 0 0 0 0 0 0 0
 0 0 0 0 0 0 0 0 0 0 0 0 0 0 0 0 0 0 0 0 0 0 0 0 0 0 0 0 0 0 0 0 0 0 0 0
 0 0 0 0 0 0 0 0 0 0 0 0 0 0 0 0 0 0 0 0 0 0 0 0 0 0 0 0 0 0 0 0 0 0 0 0
 0 0 0 0 0 0 0 0 0 0 0 0 0 0 0 0 0 0 0 0 0 0 0 0 0 0 0 0 0 0 0 0 0 0 1 0
 0 0 0 0 0 0 0 0 0 0 0 0 0 0 0 0 0 0 0 0 0 0 0 0 0 0 0 0 0 0 0 0 0 0 0 0
 0 0 0 0 0 0 0 0 0 1 0 0 0 0 0 1 0 0 0 0 0 0 0 0 0 0 0 0 0 1 0 0 0 0 0 0
 0 0 0 0 0 0 0 0 0 0 0 1 1 2 1 1 1 5 1 0 0 0 0 0 0 0 0 0 0 0 0 0 0 0 0 0
 1 0 0 0 0 0 2 0 0 0 2 0 5 1 9 10 26 15 18 2 0 0 0 0 0 0 0 0 0 1 0 0 0 0 0 0
 0 1 0 0 1 0 2 1 4 6 5 8 10 23 24 28 44 69 24 4 0 0 0 0 0 0 0 0 0 0 0 0 0 0 0 0
 2 1 1 2 3 0 5 2 5 5 4 8 20 28 33 27 52 55 28 8 2 0 0 0 0 0 0 0 1 0 0 0 0 0 0 0
 3 8 4 3 2 1 4 6 6 4 7 12 27 40 38 56 58 34 11 5 1 1 0 0 0 0 0 0 2 0 0 0 0 3 0 1
 9 5 9 8 7 6 5 7 13 9 12 24 42 57 46 60 53 28 10 2 1 1 2 0 0 0 0 0 0 0 0 0 8 4 3 10
 14 11 12 15 2 0 7 3 8 9 21 32 65 59 79 73 59 16 12 2 2 2 0 0 1 0 0 0 0 1 1 3 3 8 6 15
 20 17 18 12 2 1 1 2 4 6 11 44 64 68 70 49 42 18 3 1 0 0 1 2 0 1 0 2 2 1 3 6 6 9 21 16
 37 33 17 2 1 2 0 0 4 7 21 33 49 55 50 32 20 9 6 2 1 0 0 0 0 0 0 0 0 3 1 6 9 14 13 28
 32 31 7 1 2 0 5 7 9 8 21 28 51 46 36 43 31 15 8 4 2 0 1 0 0 0 0 0 1 0 1 8 14 13 20 33
 34 2 5 0 1 1 1 5 5 10 3 34 33 52 46 52 36 29 12 1 0 0 0 0 0 0 0 0 1 0 5 8 25 30 38 41
 9 1 0 1 0 1 0 1 2 0 0 9 36 63 68 54 32 16 2 2 0 0 0 0 0 0 0 0 1 2 7 88 329 135 83 52
 2 1 0 0 0 0 0 0 1 0 0 7 24 55 53 31 9 4 0 1 0 0 0 0 0 0 0 0 0 4 15 309 516 134 62 20
 0 0 0 0 0 0 0 0 0 0 0 1 8 25 12 5 0 1 0 0 0 0 0 0 0 0 0 0 2 0 8 66 45 21 2 2
 0 0 0 0 0 0 0 0 0 0 0 0 4 9 2 1 0 0 0 0 0 0 0 0 0 0 0 0 0 0 3 7 1 2 1 0
 0 0 0 0 0 0 0 0 0 0 0 2 3 0 0 1 0 0 0 0 0 0 0 0 0 0 0 0 0 2 0 2 1 0 0 0
 0 0 0 0 0 0 0 0 0 0 0 0 0 0 0 0 0 0 0 0 0 0 0 0 0 0 0 0 0 1 0 0 0 0 0 0
 0 0 0 1 0 0 0 0 0 0 0 0 0 1 0 0 0 0 0 0 0 0 0 0 0 0 0 0 0 0 0 0 0 0 0 0
ASP
 0 0 0 0 0 0 0 0 0 1 2 0 0 0 0 0 0 0 0 0 0 0 0 0 0 0 0 0 0 1 0 0 0 0 0 0
 0 0 0 0 0 1 0 1 2 1 0 0 0 0 0 0 0 0 0 0 0 0 0 0 0 0 2 0 0 0 0 0 0 0 0 0
 0 0 0 0 1 0 0 2 0 0 0 0 0 0 0 0 0 0 0 0 0 0 0 0 0 0 0 0 0 0 0 0 1 0 0 0
 0 0 0 0 0 1 3 3 2 2 1 0 0 1 0 0 0 0 0 0 1 0 0 1 0 0 2 0 0 0 0 0 0 0 0 0
 0 0 1 4 16 48 22 8 4 2 0 1 1 0 1 0 0 1 0 0 0 0 0 0 5 2 0 0 1 0 0 1 0 0 0 0
 1 1 10 46 189 174 63 13 5 1 0 0 0 0 0 0 0 0 2 0 0 1 5 10 10 5 0 0 0 1 0 0 0 0 0 0
 4 28 67 129 177 73 36 13 4 5 3 2 1 1 0 0 0 1 1 0 0 3 7 14 5 9 1 0 0 0 3 0 0 0 1 1
 17 51 38 37 12 7 7 2 3 2 4 2 0 1 1 3 1 2 3 1 1 0 0 1 2 0 2 2 1 3 3 5 0 4 5 6
 9 12 2 0 1 3 2 2 0 0 1 2 0 0 1 2 0 0 2 1 0 0 0 1 0 0 2 0 0 0 1 0 0 0 4 13
 1 0 0 1 0 1 2 0 0 1 0 0 0 0 0 1 1 1 0 1 0 0 0 0 0 0 1 0 0 1 0 0 0 1 1 0
 0 0 0 0 0 0 0 0 0 0 0 0 0 0 0 0 0 0 0 0 0 0 0 0 0 0 0 0 1 0 0 0 0 0 0 0
 0 0 1 0 0 0 0 0 0 1 0 0 0 0 0 0 1 0 0 0 0 0 0 0 0 0 0 0 0 0 1 0 1 0 2 0
 0 0 0 0 0 0 0 0 0 0 0 0 0 0 0 0 0 0 0 0 0 0 0 0 0 0 0 0 0 0 1 0 0 0 1 0
 0 1 0 0 0 0 0 0 0 0 0 0 0 0 0 0 0 0 0 0 0 0 0 0 0 0 0 0 0 0 0 2 1 0 0 0
 0 1 0 0 0 0 0 0 0 0 0 0 0 0 0 0 0 0 0 0 0 0 0 0 0 0 0 1 0 0 0 0 0 0 0 0
 0 1 1 0 0 0 0 0 0 0 1 0 1 1 0 0 1 0 0 0 0 0 0 0 0 0 0 0 0 0 0 0 0 0 0 0
 0 0 0 0 0 0 0 0 0 0 0 0 0 0 0 0 0 0 0 0 0 1 0 1 0 0 0 0 0 0 0 1 1 0 0 0
 0 0 1 0 0 0 0 0 0 1 1 1 0 0 1 2 2 2 1 1 0 0 0 0 0 1 0 0 0 0 0 1 1 0 0 0
 0 0 1 0 0 0 0 0 0 2 3 3 1 0 3 7 9 7 11 1 1 0 0 0 0 0 1 0 0 0 0 0 0 0 0 0
 0 1 0 0 0 0 1 1 4 6 8 10 6 4 16 21 41 38 32 12 5 1 0 2 0 0 0 0 1 0 0 0 0 0 0 0
 1 1 2 3 3 7 7 10 13 27 27 24 22 22 25 50 74 74 77 30 4 1 1 0 0 0 0 1 2 2 3 1 0 0 0 1
 6 8 13 4 11 8 11 21 33 35 42 68 32 21 37 50 66 69 62 30 17 0 1 2 2 1 0 0 0 1 1 0 0 0 0 1
 17 18 30 18 9 8 25 23 36 36 54 68 62 42 54 40 51 44 39 27 13 2 0 0 1 1 2 0 4 2 0 0 1 0 6 6
 29 37 48 36 24 9 23 27 38 34 82 71 56 50 50 48 42 29 30 26 10 2 0 0 0 1 4 2 3 3 4 0 1 5 5 12
 34 78 89 47 19 13 12 14 28 49 86 109 79 58 65 59 41 28 28 25 16 1 1 0 1 1 1 1 4 4 2 2 4 13 8 25
 109 167 152 67 23 7 6 9 23 54 135 163 116 69 74 50 46 23 36 18 9 5 3 4 1 0 1 3 1 5 6 5 17 26 32 43
 244 317 180 54 29 13 16 14 43 66 184 214 141 89 75 78 46 44 50 22 6 6 2 1 0 2 1 4 3 5 7 28 44 79 77 117
 379 288 78 28 17 11 37 82 88 127 205 280 176 125 88 94 71 67 113 60 10 2 2 0 1 1 0 6 2 11 16 32 80 126 127 279
 320 129 30 5 14 15 32 92 73 92 156 260 220 148 156 152 97 120 128 43 10 3 0 5 0 0 0 0 2 4 20 62 177 245 261 322
 144 21 5 6 1 4 4 9 17 16 52 123 208 192 245 216 159 87 35 6 1 0 1 2 0 0 1 3 1 5 41 305 1482 832 465 329
 18 2 5 0 1 0 3 2 4 8 9 33 136 229 292 188 81 19 4 0 0 0 0 0 0 1 5 1 2 8 77 1093 2632 840 338 78
 2 0 0 0 0 0 0 0 0 3 3 14 66 103 92 31 6 2 2 1 0 0 0 0 0 0 1 0 3 8 37 313 351 120 30 8
 0 0 0 0 0 0 0 0 0 0 2 5 18 17 10 5 1 2 0 0 0 0 0 0 0 0 0 0 3 5 16 37 26 10 1 1
 0 0 0 0 0 0 0 0 0 0 3 2 4 0 0 0 2 2 0 0 0 0 0 0 0 0 2 1 0 0 10 6 3 2 0 0
 0 0 1 0 0 0 0 0 0 1 3 0 0 1 0 0 0 0 0 0 0 0 0 0 0 0 0 1 1 0 3 2 0 0 1 0
 0 1 0 0 0 0 0 1 0 0 2 1 0 0 1 0 0 0 0 0 0 0 0 0 0 0 0 0 0 0 1 1 0 0 0 0
GLU
 0 0 0 0 0 0 0 0 0 0 1 0 0 0 0 0 0 0 0 0 0 0 0 0 0 0 0 1 0 4 0 0 0 0 0 0
 0 0 0 0 0 0 1 1 0 0 1 1 0 0 0 0 0 0 0 0 0 0 0 0 0 0 2 0 0 0 0 0 0 0 0 0
 0 0 0 0 0 0 0 0 1 0 0 0 0 0 0 0 1 0 0 0 0 0 0 0 0 0 0 0 0 1 0 0 0 0 0 0
 0 0 1 0 0 2 2 4 0 0 0 0 0 1 0 0 0 0 0 0 0 0 1 1 0 1 0 0 1 0 0 0 0 0 0 0
 0 1 0 1 3 26 26 5 0 2 0 0 0 0 0 0 0 0 0 0 0 0 0 2 3 0 0 0 2 1 0 0 0 0 0 0
 1 0 4 19 75 67 24 9 6 2 0 2 1 0 0 1 1 1 0 0 1 1 1 3 4 2 0 0 0 0 0 0 0 0 0 1
 4 11 30 47 64 31 12 3 3 0 2 2 1 0 1 0 1 1 1 1 1 1 0 4 6 3 1 0 1 1 1 0 0 0 2 1
 6 20 23 29 9 3 2 1 2 1 1 1 1 1 0 0 1 1 1 0 0 0 0 1 2 0 0 0 0 2 5 0 2 2 2 4
 9 5 2 0 1 0 0 0 1 1 6 1 2 1 1 1 0 0 1 0 0 0 1 0 0 0 0 0 1 2 1 4 1 2 0 7
 1 0 1 0 0 0 0 0 0 0 0 1 1 1 0 0 0 0 1 0 0 0 0 0 0 0 0 0 0 0 1 0 1 2 1 1
 1 0 0 0 0 0 0 1 0 1 0 0 0 1 0 0 0 0 0 0 0 0 0 0 0 0 0 0 0 1 0 0 0 2 0 0
 0 0 0 0 0 0 0 0 0 0 0 0 0 1 0 1 0 0 0 0 0 0 0 0 0 0 0 0 0 0 0 0 0 1 0 0
 0 0 0 0 0 0 0 0 0 0 0 0 0 0 0 0 0 0 0 0 0 0 0 0 0 0 0 0 0 0 0 0 0 0 0 0
 0 0 0 0 0 0 0 0 0 0 0 0 0 0 0 0 0 0 0 0 0 0 0 0 0 0 0 0 0 0 0 0 0 1 0 0
 0 0 0 0 0 0 0 0 0 0 0 0 0 0 0 1 0 0 0 0 0 0 0 0 0 0 0 1 0 0 0 0 0 0 2 0
 0 0 0 0 0 0 0 0 0 0 0 0 1 0 0 0 0 0 0 0 0 0 0 0 0 0 0 1 0 0 0 0 0 0 0 0
 0 0 0 0 0 0 0 0 0 0 0 0 0 1 1 0 2 0 0 0 0 0 0 0 0 0 0 0 0 0 0 0 1 1 0 0
 0 0 0 0 1 1 0 0 0 0 0 0 2 0 2 0 0 0 0 0 0 0 0 0 0 0 0 1 0 1 1 0 0 0 1 0
 0 1 0 0 0 0 0 1 0 1 1 2 2 3 1 0 3 2 3 1 0 1 0 0 0 0 0 1 0 0 1 0 0 0 0 2
 1 1 0 1 0 0 1 0 1 0 1 3 4 10 17 15 24 15 4 2 0 1 0 0 0 0 0 0 0 1 0 1 2 2 0 1
 1 2 1 0 0 0 5 3 1 5 6 6 11 28 64 77 69 41 11 4 0 0 2 0 0 0 0 0 0 1 2 0 1 1 0 1
 3 2 3 3 2 0 2 1 5 10 11 14 31 70 141 158 132 52 16 2 1 0 0 0 0 0 0 0 0 1 1 0 4 6 1 2
 6 6 5 7 3 3 13 7 11 15 14 36 76 145 218 193 176 53 12 2 4 0 1 1 1 0 1 1 1 1 0 1 1 4 10 4
 15 14 13 20 5 13 5 15 17 17 33 58 125 220 231 219 111 53 12 3 2 4 1 1 1 2 0 1 4 3 8 7 10 10 15 11
 31 34 32 23 18 7 2 12 13 25 37 68 134 212 216 184 106 27 17 2 0 1 2 0 0 0 1 2 4 2 5 15 25 25 38 33
 75 70 50 15 11 2 3 5 1 21 34 82 158 187 159 125 71 29 16 4 2 1 2 3 1 1 1 3 1 6 4 21 20 43 65 51
 151 123 51 25 13 4 3 10 13 16 30 99 152 197 158 120 80 45 16 1 1 1 0 1 4 0 1 0 2 3 10 31 51 72 84 115
 250 109 35 8 6 11 19 28 31 28 41 91 154 205 168 122 87 39 19 2 1 3 1 1 1 1 1 2 1 3 7 53 100 140 168 217
 185 49 8 8 4 10 10 15 15 15 31 66 120 179 216 189 142 44 19 1 2 0 0 0 1 0 1 1 4 13 21 130 347 374 310 342
 61 21 4 4 1 1 2 3 3 4 9 19 92 204 301 247 116 26 8 3 3 1 2 0 2 0 0 1 5 18 66 684 3291 1514 717 398
 19 4 2 0 2 1 1 0 0 1 3 16 97 251 319 189 58 10 2 1 1 1 0 0 0 1 1 1 6 24 143 2168 5055 1535 572 106
 3 0 2 0 0 0 0 0 1 0 2 7 53 145 82 34 7 4 1 1 0 1 0 0 1 0 0 1 5 19 93 539 611 220 47 6
 1 0 0 0 0 1 0 0 0 1 1 5 8 19 11 2 0 0 0 0 0 0 1 0 0 0 2 0 4 12 43 74 34 14 6 2
 1 0 0 0 0 0 0 0 0 0 1 2 3 1 2 0 0 1 0 0 0 0 0 0 1 0 1 0 1 5 6 8 5 2 1 0
 0 0 0 0 0 0 0 0 0 0 1 0 1 0 0 0 0 0 0 0 0 0 0 0 0 0 0 2 0 0 1 4 2 0 0 0
 0 0 0 0 0 0 0 0 0 0 0 1 0 0 0 0 0 0 0 0 0 0 0 0 0 0 1 0 1 0 0 1 2 0 0 0
PHE
 0 0 0 0 0 0 0 0 0 1 0 0 0 0 0 0 0 0 0 0 0 0 0 0 0 0 0 0 1 0 0 0 0 0 0 0
 0 0 0 0 0 0 0 0 0 0 0 0 0 0 0 0 0 0 0 0 0 0 0 0 0 0 0 0 0 0 0 0 0 0 0 0
 0 0 0 0 0 0 0 0 0 0 0 0 0 0 0 0 0 0 0 0 0 0 0 0 0 0 0 1 0 0 0 0 0 0 0 0
 0 0 0 0 0 0 1 1 1 0 0 0 0 0 0 0 0 0 0 0 0 0 0 0 0 0 0 0 0 0 0 0 0 0 0 0
 0 0 1 0 2 5 5 3 0 0 0 0 0 1 0 0 0 0 0 0 0 0 0 0 0 0 0 0 0 0 0 0 0 0 0 0
 0 1 2 12 20 22 12 1 0 0 1 0 0 0 0 0 0 0 0 0 0 0 0 3 1 0 0 0 0 0 0 0 0 0 0 0
 0 7 27 36 33 17 8 2 1 0 0 1 0 0 0 0 0 0 0 2 0 0 1 3 0 1 1 0 0 0 1 0 1 0 0 0
 1 15 11 10 5 2 3 0 0 1 0 0 0 0 2 1 0 1 1 0 0 0 0 0 0 0 0 0 0 0 1 2 0 1 1 1
 8 4 3 0 1 1 0 0 0 0 0 0 0 1 0 0 1 0 0 0 0 0 0 0 0 0 0 0 0 0 2 0 1 1 1 7
 3 2 0 0 0 0 0 0 0 0 0 0 1 0 0 1 0 0 0 0 0 0 0 0 0 0 0 0 0 0 0 0 0 0 0 0
 0 0 0 0 0 0 0 0 0 0 1 0 0 0 0 0 0 0 0 0 0 0 0 0 0 0 0 0 0 0 0 0 0 0 0 0
 0 0 0 0 0 0 0 0 0 0 0 0 0 0 0 0 0 0 0 0 0 0 0 0 0 0 1 0 0 0 0 0 0 0 0 0
 0 0 0 0 0 0 0 0 0 0 0 0 0 0 0 0 0 0 0 0 0 0 0 0 0 0 0 0 0 0 0 0 0 0 0 0
 0 0 0 0 0 0 0 0 0 0 0 0 0 0 0 0 0 0 0 0 0 0 0 0 0 0 0 0 0 0 0 0 0 0 0 0
 0 0 0 0 0 0 0 0 0 0 0 0 0 0 0 0 0 0 1 0 0 0 0 0 0 0 0 0 0 0 0 0 0 0 0 0
 0 0 0 0 0 0 0 0 0 0 0 0 0 0 0 0 0 0 0 0 0 0 0 0 0 0 0 0 0 0 0 0 0 0 0 1
 0 0 0 0 0 0 0 0 0 0 0 0 0 0 0 1 1 0 0 0 0 0 0 0 0 0 0 0 0 0 0 0 0 0 0 0
 0 0 0 0 0 0 0 0 0 0 0 0 0 1 0 0 1 0 0 0 0 0 0 0 0 0 0 0 0 0 0 0 1 0 0 0
 0 0 0 1 0 0 0 0 0 0 1 1 0 1 4 4 8 8 1 0 1 0 0 0 0 0 0 0 1 0 1 0 0 0 0 0
 0 0 1 0 0 0 0 1 1 0 2 1 0 6 10 22 54 51 12 0 0 1 0 0 0 0 0 0 0 0 0 0 0 0 0 1
 0 2 0 1 0 1 0 3 2 3 5 7 14 23 38 63 197 146 31 4 1 0 0 0 0 0 0 0 1 0 0 0 0 0 2 1
 2 1 1 3 1 0 3 10 5 2 12 16 32 52 80 132 277 145 31 5 1 0 0 2 0 0 0 0 2 0 2 2 0 1 2 3
 7 6 5 3 3 8 15 12 12 8 11 40 49 88 148 216 224 75 12 6 0 0 0 0 0 0 2 1 0 2 1 1 0 3 6 7
 20 10 20 14 21 12 22 35 43 33 43 50 136 191 284 263 206 66 16 4 3 1 1 0 0 0 1 1 1 2 4 7 5 3 14 22
 44 59 58 35 15 11 9 19 25 36 49 96 218 252 260 216 147 47 21 1 6 1 1 0 0 0 3 1 4 6 4 11 6 16 29 51
 76 108 83 50 16 5 6 5 7 18 55 111 190 221 249 198 104 33 10 0 1 1 1 1 1 0 1 2 0 6 3 11 19 25 41 67
 127 129 69 14 7 4 5 9 8 25 43 108 150 183 169 134 82 21 11 3 2 1 1 1 0 1 1 0 1 6 8 16 19 32 56 88
 131 70 19 6 3 9 15 18 26 32 44 68 136 128 149 113 63 16 8 2 3 1 0 0 0 0 0 0 3 2 12 28 46 39 77 96
 66 27 7 0 2 0 7 19 16 12 13 36 90 141 128 141 80 36 4 1 0 0 0 0 0 0 0 1 1 1 11 61 107 127 132 115
 29 7 1 2 0 0 1 3 1 6 3 21 50 111 166 124 72 17 2 1 0 0 0 0 1 0 0 0 2 3 43 421 883 456 200 112
 6 1 0 0 0 0 0 0 0 0 0 7 42 118 157 72 18 2 0 0 0 0 0 0 0 0 0 0 1 12 121 1764 1383 370 114 21
 0 0 0 0 0 0 0 0 0 1 1 4 23 76 40 6 2 2 0 0 0 0 0 0 0 0 0 0 0 5 76 358 188 56 13 3
 0 0 0 1 0 0 0 0 0 0 0 0 6 6 8 3 0 0 0 0 0 0 0 0 0 0 0 0 0 3 19 23 12 3 1 0
 0 0 0 0 0 0 0 0 0 0 0 0 2 1 2 0 0 0 0 0 0 0 0 0 0 0 0 0 1 0 3 0 2 1 0 0
 0 0 0 0 0 0 0 0 0 0 0 1 0 1 0 0 0 0 0 0 0 0 0 0 0 0 0 0 1 0 0 0 0 0 0 0
 0 0 0 0 0 0 0 0 0 0 0 0 0 0 0 0 0 0 0 0 0 0 0 0 0 0 0 0 0 0 0 0 0 0 0 0
GLY
 0 0 0 0 0 1 0 0 1 0 1 0 1 0 0 1 0 0 0 0 0 1 0 0 0 0 0 0 1 2 0 0 0 0 0 0
 0 0 0 0 0 0 0 0 4 0 1 0 0 0 1 0 0 0 0 0 1 0 0 2 1 0 0 0 0 1 0 0 0 0 0 0
 0 0 0 0 2 1 0 0 0 1 0 1 0 1 0 0 1 0 0 0 0 2 1 1 0 0 0 1 1 1 0 0 0 0 0 0
 0 1 0 1 4 4 1 2 5 0 0 0 0 1 0 0 0 0 0 0 0 0 0 1 0 4 2 0 0 0 0 0 0 0 0 0
 0 0 4 7 4 9 6 5 0 0 0 0 0 1 0 0 0 0 1 0 2 0 4 27 14 3 0 0 0 0 1 0 0 0 0 0
 0 2 19 44 79 40 19 4 4 0 1 0 2 0 1 1 1 2 4 1 6 13 60 115 44 4 3 0 0 1 0 0 0 0 0 1
 12 64 187 280 211 61 19 8 2 2 1 0 1 2 0 2 2 6 6 26 48 98 120 239 93 16 1 1 2 1 0 0 1 2 3 12
 177 467 637 526 193 54 21 6 4 1 0 4 3 3 3 3 7 29 51 117 130 126 69 90 85 19 5 5 2 4 3 3 5 9 4 47
 857 882 643 231 57 23 13 3 1 0 4 4 1 5 9 21 53 115 148 158 126 62 38 22 24 9 1 9 5 12 14 16 16 32 57 281
 716 577 241 48 19 8 6 1 4 4 3 4 8 20 27 72 115 119 134 103 73 43 28 14 11 11 2 12 6 8 10 16 24 61 250 732
 340 269 83 26 13 2 5 2 2 5 5 16 18 20 43 59 84 75 86 72 59 23 18 8 9 3 6 3 6 6 5 8 28 87 326 450
 157 95 29 17 10 4 4 1 1 1 8 7 10 14 26 49 55 48 54 52 39 27 12 8 7 1 4 5 4 2 6 5 19 67 130 130
 59 25 11 5 5 2 5 0 0 6 7 5 9 11 22 27 32 48 51 34 33 20 13 8 3 2 2 1 3 1 6 4 14 29 45 42
 27 8 2 5 3 1 0 0 1 1 2 2 10 8 16 12 32 45 45 50 36 14 12 5 1 1 3 2 5 4 2 1 5 10 35 22
 6 6 2 1 1 1 0 0 2 1 3 0 5 8 10 21 18 32 49 55 55 22 10 5 1 4 0 0 2 1 2 1 4 11 14 18
 2 3 2 1 1 0 2 1 0 0 1 2 8 6 8 20 30 41 55 68 70 44 21 6 3 2 1 0 1 2 4 2 4 6 5 5
 1 2 1 0 1 1 1 0 0 1 6 3 0 1 4 12 32 57 74 87 62 33 11 6 5 1 1 1 1 1 1 2 5 3 2 2
 2 2 0 0 1 0 2 2 1 1 0 1 0 2 3 8 38 66 121 105 82 53 19 7 5 2 1 0 1 5 4 3 0 1 1 0
 1 0 0 0 3 0 0 0 0 2 0 2 3 2 14 18 52 93 142 122 66 34 19 1 5 1 2 1 0 0 0 1 1 3 1 0
 0 2 0 1 1 3 2 2 0 4 2 0 2 4 16 48 83 128 132 104 54 28 11 6 2 0 1 1 1 1 1 0 0 3 1 2
 0 1 0 3 1 0 1 0 0 1 2 0 7 8 22 57 89 123 112 89 31 19 5 6 1 3 2 2 3 0 0 0 0 0 0 0
 0 2 3 0 4 2 1 5 2 2 2 3 4 8 40 59 84 92 70 56 34 16 15 3 6 5 1 0 1 1 2 2 2 0 0 1
 3 5 7 5 5 4 5 4 2 2 2 5 9 24 47 85 76 71 59 36 22 20 11 9 5 4 2 0 0 1 0 0 1 3 1 3
 6 12 17 9 3 6 3 3 0 3 3 6 14 38 55 73 75 59 60 41 23 26 19 10 11 4 6 2 4 1 2 1 2 5 4 2
 12 21 26 21 7 3 3 4 1 3 4 9 18 39 69 71 67 40 41 44 32 31 29 10 4 6 5 2 4 3 1 0 4 4 10 15
 33 58 33 14 9 4 2 2 0 3 4 11 28 53 54 70 53 40 47 69 45 36 24 13 8 11 7 7 3 1 1 3 1 7 19 23
 79 87 56 37 7 8 4 3 1 4 13 8 27 58 72 50 48 63 93 83 86 50 32 14 11 7 6 9 8 5 2 4 10 11 22 41
 197 107 39 22 10 9 11 6 7 10 7 12 24 44 53 51 70 91 119 127 79 56 24 16 4 7 2 4 10 6 5 7 19 26 46 102
 120 41 14 7 12 11 14 13 6 9 6 10 21 38 64 101 127 176 180 124 51 26 10 10 1 5 3 1 3 5 7 32 46 84 112 159
 55 9 3 3 4 6 5 5 2 2 2 2 20 48 113 163 160 147 88 45 12 3 1 4 2 4 3 2 6 7 30 205 870 372 261 211
 10 2 0 0 1 1 0 0 1 3 0 4 10 40 102 122 75 30 16 7 4 0 1 1 2 2 0 1 2 13 72 792 1822 549 265 68
 3 2 2 0 0 0 0 0 1 0 0 2 5 14 34 25 10 8 5 2 1 2 0 0 0 0 1 2 1 10 70 227 223 85 21 6
 0 0 0 0 0 1 0 1 0 0 1 1 3 0 4 4 3 0 0 0 1 0 0 0 0 0 1 1 2 13 21 31 18 4 1 1
 0 0 0 0 0 0 1 0 0 0 0 2 1 1 1 2 0 1 2 1 1 0 0 0 0 0 0 0 2 2 8 3 0 1 0 0
 0 1 0 0 0 0 0 0 0 1 0 0 0 0 0 1 0 0 1 0 0 0 0 0 0 0 0 0 1 2 1 0 0 0 1 0
 0 0 0 1 0 0 0 0 0 0 0 1 0 0 1 1 0 0 0 1 0 0 0 0 0 1 1 0 1 1 0 1 1 0 0 0
HIS
 0 0 0 0 0 0 0 0 1 0 0 0 0 0 0 0 0 0 0 0 0 0 0 0 0 0 0 0 1 0 0 0 0 0 0 0
 0 0 0 0 0 0 0 0 0 0 0 1 0 0 0 0 0 0 0 0 0 0 0 0 0 0 0 0 0 1 0 0 0 0 0 0
 0 1 0 0 0 3 0 1 2 1 0 0 0 0 0 0 0 0 0 0 0 0 0 0 0 0 0 0 0 0 0 0 0 0 0 0
 0 0 0 0 1 1 3 0 0 0 0 0 0 0 0 0 0 0 1 0 0 0 0 0 0 1 0 1 0 0 0 0 0 0 0 0
 0 0 0 0 4 10 11 2 1 1 0 0 0 0 0 0 0 0 0 0 0 1 0 0 1 0 0 0 0 0 0 0 0 0 0 0
 1 0 2 10 53 53 15 2 2 1 0 0 0 0 1 0 0 0 1 0 0 0 1 1 5 2 0 0 0 0 0 0 0 0 1 0
 1 1 29 51 56 31 8 4 2 0 0 0 1 0 0 1 1 1 0 0 0 2 0 2 1 1 0 1 0 0 0 1 0 0 1 1
 12 21 29 15 6 5 1 2 0 0 2 1 0 2 0 1 0 0 1 1 0 0 0 0 0 0 0 0 1 1 3 4 5 0 1 2
 3 2 4 0 0 1 0 0 0 0 0 0 0 0 0 0 1 0 0 0 0 1 0 0 0 0 0 0 1 0 1 1 0 0 1 5
 1 0 0 0 0 0 0 0 0 0 0 0 1 0 0 0 0 0 0 1 0 0 0 0 0 0 0 0 0 1 0 0 0 0 0 1
 0 0 0 0 0 0 0 0 0 0 0 0 0 0 0 0 0 0 0 0 0 0 0 0 0 0 0 0 0 0 0 0 0 0 1 0
 0 0 0 0 0 0 0 0 0 0 0 0 0 0 0 0 0 0 0 0 0 0 0 0 0 0 0 0 0 0 0 0 0 2 0 0
 0 0 0 0 0 0 0 0 0 0 0 0 0 0 0 0 0 0 0 0 0 0 0 0 0 0 0 0 0 0 0 0 1 0 0 0
 0 0 0 0 0 0 0 0 0 1 0 0 0 0 0 0 0 0 0 0 0 0 0 0 0 0 0 0 0 0 0 0 0 0 0 0
 0 0 0 0 0 0 0 0 0 0 0 0 0 0 0 0 0 0 0 0 0 0 0 0 0 0 0 0 0 0 0 1 0 0 0 0
 0 0 0 0 0 0 0 1 0 1 0 0 0 0 0 0 0 0 0 0 0 0 0 0 0 0 0 0 0 0 0 0 0 0 0 1
 0 0 0 0 0 0 0 0 0 0 0 0 0 0 1 0 0 0 0 0 0 0 0 0 0 0 0 0 0 0 0 0 0 0 0 0
 0 0 0 0 0 0 1 1 0 0 1 0 0 0 0 0 0 0 0 0 0 0 0 0 0 0 0 0 0 0 0 0 1 0 0 0
 0 0 0 0 1 0 1 0 0 0 1 1 0 0 3 4 6 2 1 1 1 0 0 0 0 0 0 0 0 0 0 1 0 0 0 0
 0 1 0 1 0 0 0 0 1 0 1 1 1 6 19 16 37 24 14 3 0 0 0 0 0 0 0 0 0 0 0 0 0 0 0 0
 0 1 0 0 1 1 1 3 3 6 3 5 11 27 32 47 63 69 16 6 2 0 0 1 1 0 0 0 0 1 2 1 0 0 2 1
 3 4 3 3 1 3 4 7 5 7 9 10 22 35 52 77 113 49 18 6 5 0 0 1 0 0 0 0 1 2 1 1 1 0 1 3
 3 3 12 8 10 15 14 23 12 13 10 23 41 67 83 95 87 58 13 3 1 2 1 1 0 0 0 0 1 2 1 4 3 2 2 3
 24 14 34 18 22 9 23 26 16 24 14 37 60 85 86 89 69 40 14 6 0 1 1 1 0 2 1 0 3 2 4 4 3 11 6 22
 33 36 38 17 15 5 7 11 9 14 17 56 73 101 84 81 57 29 8 5 0 1 0 0 0 0 1 0 2 2 3 6 8 9 20 36
 44 76 73 27 15 3 4 3 6 16 29 58 103 84 84 64 38 26 5 2 3 1 0 1 0 1 1 0 0 2 3 7 10 20 37 39
 105 90 51 11 6 4 6 3 7 11 19 55 57 84 75 50 40 16 3 5 2 0 0 0 2 1 1 0 1 2 5 11 18 28 36 48
 92 55 32 5 4 5 7 8 16 21 23 53 55 59 58 44 19 12 7 6 1 0 0 0 0 1 1 1 3 4 6 13 28 53 50 82
 60 21 4 1 1 4 8 13 18 11 13 25 49 62 81 57 36 25 6 1 0 0 0 0 0 0 0 0 0 1 7 36 69 81 86 89
 25 7 1 0 0 2 1 1 4 1 3 11 39 64 112 96 48 18 5 0 1 1 0 0 0 0 0 0 3 1 23 162 544 297 141 119
 3 0 0 0 0 0 2 0 0 0 0 5 33 90 100 66 17 2 1 1 0 0 0 0 0 0 0 2 0 5 42 608 848 249 127 25
 0 0 0 0 0 0 0 0 0 2 3 0 16 45 35 11 3 0 1 0 0 0 0 0 0 0 0 0 0 0 31 128 104 43 5 1
 0 0 0 1 0 0 0 0 0 0 0 0 2 7 5 0 1 0 0 0 0 0 0 0 0 0 2 0 0 0 9 16 5 2 0 0
 0 0 0 0 0 0 0 0 0 1 0 0 0 0 3 0 0 0 0 0 0 0 0 0 0 0 0 0 0 1 2 1 0 0 0 0
 0 0 0 0 0 0 0 0 0 0 1 0 1 0 0 0 0 0 0 0 0 0 0 0 0 0 0 0 0 0 0 0 0 0 0 0
 0 0 0 0 0 0 0 0 0 0 0 0 0 1 1 0 0 0 0 0 0 0 0 0 0 0 0 0 0 1 0 0 0 0 0 0
ILE
 0 0 0 0 0 0 0 0 0 0 0 1 1 0 0 0 0 0 0 0 0 0 0 0 0 0 0 1 0 0 0 0 0 0 0 0
 0 0 0 0 0 0 1 0 0 0 0 0 0 0 0 0 0 0 0 0 0 0 0 0 0 0 0 0 0 1 0 0 0 0 0 0
 0 0 0 0 0 0 0 0 0 0 0 0 0 0 0 0 0 0 0 0 0 0 0 0 0 0 0 0 0 1 0 0 0 0 0 0
 0 0 0 0 0 1 2 1 0 0 0 0 0 0 0 0 0 0 0 0 0 0 0 0 0 0 0 0 0 0 0 0 0 0 0 0
 0 0 0 1 0 3 0 0 1 0 0 0 0 0 0 0 0 0 0 0 0 0 0 0 0 0 0 0 0 0 0 0 0 0 0 0
 1 0 1 0 1 1 0 1 1 0 0 0 0 0 0 0 0 0 0 0 0 0 0 2 0 0 0 0 0 1 0 0 0 0 0 0
 1 0 0 1 0 3 0 0 1 1 1 0 0 0 0 0 1 0 0 0 1 0 0 0 0 0 1 0 1 0 1 0 1 0 1 0
 0 0 0 0 0 0 0 0 0 1 0 0 1 0 0 0 0 0 0 0 0 0 0 0 0 0 0 0 0 1 2 2 1 0 0 0
 1 0 0 1 0 0 0 1 0 1 1 1 0 0 1 0 0 0 0 0 0 0 0 0 0 0 0 0 1 3 0 1 1 0 0 0
 1 0 0 0 0 0 0 0 0 0 0 0 0 0 0 0 0 0 0 0 0 0 0 0 0 0 0 0 0 0 0 0 0 0 0 0
 0 0 0 0 0 0 0 0 0 0 1 0 0 0 0 0 0 0 0 0 0 0 0 0 0 0 0 0 0 0 0 0 0 0 0 0
 0 0 0 0 0 0 0 0 1 0 0 0 0 0 0 0 1 0 0 0 0 0 0 0 0 0 0 0 0 0 0 1 0 0 0 0
 0 0 0 0 0 0 0 0 0 0 0 0 0 0 0 0 0 0 0 0 0 0 0 0 0 0 0 0 0 0 0 0 1 0 0 0
 0 0 0 0 0 0 0 0 0 0 0 0 0 0 0 0 0 0 0 0 0 0 0 0 0 0 0 0 0 0 0 0 0 0 0 0
 0 0 0 0 0 0 0 0 0 0 0 0 0 0 0 0 0 0 0 0 0 0 0 0 0 0 0 0 0 0 0 0 0 0 0 0
 0 0 0 0 0 0 0 0 0 1 0 0 0 0 0 0 0 0 0 0 0 0 0 0 0 0 0 0 0 0 0 0 0 0 0 0
 0 0 0 0 0 0 0 0 0 0 0 0 0 0 0 0 0 0 0 0 0 0 0 0 0 0 0 0 0 0 0 0 0 0 0 0
 0 0 0 0 0 1 0 0 0 0 0 0 0 0 0 0 1 0 0 0 0 0 0 0 0 0 0 0 0 0 0 0 0 0 0 0
 0 1 0 0 0 0 1 0 0 0 0 0 1 2 0 1 0 0 0 0 0 0 0 0 0 0 0 0 0 0 0 0 0 0 0 0
 0 0 0 0 0 0 0 0 0 1 1 1 2 2 4 9 6 0 0 0 0 0 0 0 0 0 0 0 0 0 0 0 0 0 0 0
 0 0 1 0 0 0 0 1 0 1 0 1 3 12 41 58 20 2 2 0 0 0 0 1 0 0 0 0 1 0 0 0 0 0 0 0
 0 0 0 0 0 0 0 1 3 1 4 8 26 39 96 89 47 17 2 0 0 0 0 0 0 0 0 0 0 0 1 0 2 2 0 0
 4 4 3 4 4 1 4 3 2 10 18 42 107 222 270 142 183 101 19 2 2 0 0 0 0 0 1 0 0 0 4 1 0 2 1 5
 22 21 23 12 9 7 8 11 17 23 48 155 414 687 459 222 281 141 19 5 2 0 0 0 0 0 0 0 1 3 12 8 5 2 11 22
 36 41 42 18 4 3 1 2 15 29 89 284 767 966 485 188 158 65 15 2 1 0 0 0 0 0 0 1 2 3 17 29 20 16 21 35
 43 54 44 11 2 0 1 2 1 22 103 330 771 798 292 108 57 28 8 0 2 0 0 0 1 0 1 1 5 9 18 42 35 27 39 57
 68 50 18 6 2 2 1 1 6 27 95 290 547 524 183 59 30 12 3 1 0 0 0 0 0 0 0 3 2 7 22 64 65 29 41 49
 65 33 9 2 1 1 2 7 20 43 71 221 396 423 172 44 23 17 3 1 2 0 0 0 0 0 1 1 1 6 21 83 92 38 52 58
 36 6 3 1 2 0 0 1 9 14 30 108 315 348 150 49 43 17 5 0 0 0 2 0 0 0 0 0 0 4 34 170 260 126 85 64
 19 3 1 0 0 0 3 3 2 3 10 37 139 297 169 69 35 7 2 1 1 0 0 0 1 0 0 1 1 4 62 930 1899 517 211 99
 4 1 0 0 0 0 0 0 1 0 2 11 48 175 127 52 20 0 0 0 0 0 0 0 0 0 1 1 0 9 111 2338 2707 549 157 36
 1 0 0 0 0 1 0 0 1 0 3 3 14 46 30 8 3 1 0 0 0 1 0 0 0 0 0 1 2 8 65 306 258 91 18 3
 0 0 0 0 0 0 0 0 0 0 1 1 3 7 2 1 0 0 0 0 0 0 0 0 0 0 0 1 0 0 9 15 17 6 5 2
 0 0 0 0 1 0 0 0 0 0 0 0 1 0 1 1 0 0 0 0 0 0 0 0 0 0 0 0 0 0 1 5 2 1 0 1
 0 0 0 0 0 0 0 0 0 0 0 1 0 0 2 0 0 0 0 0 0 0 0 0 0 0 0 0 0 0 1 1 0 0 0 0
 0 0 0 0 0 0 0 0 0 0 0 0 1 0 0 0 0 0 0 0 0 0 0 0 0 0 0 0 0 1 0 1 0 0 0 0
LYS
 0 0 0 1 0 0 0 0 0 0 1 0 0 0 0 0 0 0 0 0 0 0 0 0 0 2 0 0 0 1 0 0 0 0 0 0
 0 0 0 0 0 0 0 0 1 0 0 0 0 0 0 0 0 0 0 0 1 0 0 0 0 0 0 0 0 2 0 0 0 0 0 0
 0 0 0 1 0 0 0 0 1 2 0 0 0 0 0 0 0 0 0 0 0 0 1 0 0 0 0 1 0 0 0 0 0 0 0 0
 0 0 0 1 0 2 3 0 2 0 1 0 0 0 0 1 0 0 0 0 0 0 0 0 2 0 0 1 0 0 1 0 0 0 0 0
 0 0 1 3 5 14 20 1 1 1 0 1 0 0 0 0 0 0 0 0 1 0 0 0 1 0 1 0 0 0 0 0 0 0 0 0
 0 0 8 20 86 93 40 9 2 1 0 0 0 0 0 1 0 0 0 0 1 2 2 9 7 3 1 1 0 0 0 0 1 1 0 0
 5 15 35 93 110 66 17 5 2 0 1 1 0 0 0 0 0 0 1 1 1 3 4 4 3 3 1 0 1 1 1 3 0 1 2 1
 8 25 34 38 11 1 2 0 0 1 0 3 1 1 0 1 2 1 0 1 1 0 1 1 0 0 0 0 0 3 3 8 0 3 0 2
 7 9 6 1 0 1 1 0 0 1 1 2 0 2 1 1 0 0 0 0 0 0 1 1 0 0 0 0 0 0 1 0 0 2 2 10
 2 1 0 0 0 0 0 0 0 0 0 0 0 0 0 1 0 0 0 0 0 0 0 0 0 0 1 0 0 0 0 0 0 0 2 0
 0 0 0 0 1 1 0 0 0 0 0 0 0 0 0 0 0 0 0 0 0 0 0 0 0 0 0 0 0 0 1 1 1 0 0 0
 0 0 0 0 0 0 0 0 0 0 0 0 0 1 0 0 0 0 0 0 0 0 0 0 0 0 0 1 0 0 0 0 0 0 0 0
 0 0 0 0 0 0 0 0 0 0 0 0 0 0 0 0 0 0 1 0 0 0 0 0 0 0 0 0 0 0 0 0 0 0 0 0
 0 1 0 0 0 0 0 0 0 0 0 0 0 0 0 0 0 0 0 0 0 0 0 0 0 0 0 0 0 0 0 0 1 1 0 0
 0 0 0 0 0 1 0 0 0 0 0 0 0 0 0 0 0 0 0 0 0 0 0 1 0 0 0 0 0 0 0 0 0 0 0 0
 0 0 0 0 0 0 0 0 0 0 0 0 0 0 0 0 0 0 0 0 0 0 0 0 0 0 0 0 0 0 0 0 0 0 0 0
 0 0 0 0 0 0 0 0 0 0 0 0 0 0 0 0 0 0 0 0 0 0 0 0 0 0 0 0 1 0 0 0 0 0 0 0
 0 2 0 0 0 1 0 0 0 0 0 3 1 0 1 1 1 0 0 0 1 0 0 0 0 0 0 0 0 0 0 1 0 1 0 0
 0 0 0 0 0 0 0 0 2 1 1 1 0 1 2 2 3 6 2 0 0 0 0 0 0 0 0 0 0 1 0 0 0 0 0 0
 1 0 0 0 0 1 2 2 0 1 3 1 3 4 22 18 40 25 7 0 0 0 0 0 0 1 1 0 0 0 0 0 0 0 1 0
 4 0 0 0 0 2 2 2 3 0 5 8 16 30 60 72 77 53 8 0 1 0 1 0 0 0 1 0 0 0 0 0 2 0 1 0
 3 6 4 1 2 2 5 5 7 7 8 14 37 71 107 134 125 45 4 1 1 0 1 1 0 0 1 0 0 1 2 0 1 3 3 2
 4 8 7 7 4 7 9 7 14 14 20 26 68 145 184 205 148 55 14 2 2 0 0 1 1 0 1 1 1 2 0 3 4 5 2 6
 22 14 17 13 10 11 18 20 27 23 28 40 130 199 231 228 133 71 15 7 1 1 1 1 0 1 0 0 1 0 5 8 15 9 13 20
 49 47 42 24 13 3 8 8 7 20 36 72 125 203 216 202 126 60 17 5 4 1 3 2 2 5 3 1 1 1 9 8 19 28 36 46
 79 88 54 25 8 6 5 3 8 18 40 65 154 214 210 156 100 51 16 3 1 2 2 3 2 1 0 2 1 5 14 15 40 38 77 59
 206 142 47 17 1 6 3 8 13 21 40 66 152 214 171 130 100 31 15 6 2 2 3 2 1 5 3 2 4 3 6 30 72 82 83 126
 224 105 19 5 6 5 12 30 17 33 44 74 171 156 188 135 109 58 12 5 1 0 2 1 1 2 1 0 2 3 17 54 113 118 173 252
 135 33 13 6 8 7 14 21 13 17 25 58 132 213 221 183 104 51 12 2 1 0 0 0 0 0 2 3 1 8 17 97 275 280 259 256
 43 15 3 3 6 3 4 5 5 5 18 23 80 244 284 216 101 31 6 2 2 0 1 0 0 0 0 0 2 4 48 507 2123 967 521 274
 13 3 3 1 0 0 3 1 0 2 6 18 55 202 255 155 45 14 7 1 2 0 0 0 0 1 0 3 4 16 107 1812 3753 1065 433 82
 3 0 0 0 0 0 1 0 0 1 4 5 45 130 81 17 4 1 1 0 0 0 1 0 1 0 0 3 3 13 84 472 491 183 37 4
 1 0 0 0 0 0 0 0 2 2 5 2 13 17 10 3 1 0 0 0 0 0 0 0 0 0 0 1 3 5 32 66 38 13 2 0
 0 0 0 0 0 0 0 0 0 0 0 2 3 3 1 0 0 0 0 0 0 0 0 0 0 0 0 1 0 3 11 6 4 2 1 0
 0 0 0 0 0 0 0 0 0 0 1 2 0 2 0 1 0 0 1 0 0 0 0 0 0 0 0 2 1 5 1 0 1 0 0 0
 0 0 0 0 0 0 0 0 1 0 0 0 0 0 0 0 0 0 0 0 0 0 0 0 0 0 0 1 0 0 0 1 1 0 0 0
LEU
 0 0 0 0 0 0 0 0 0 0 1 0 0 0 0 0 0 0 0 0 0 0 0 0 0 0 0 0 0 0 1 0 0 0 0 0
 0 0 0 0 0 0 0 0 0 0 0 0 0 0 0 0 0 0 0 0 0 0 1 0 0 0 1 0 0 1 0 1 0 0 0 0
 0 0 1 0 0 0 0 0 0 0 0 1 0 0 1 0 0 0 0 0 0 0 1 0 0 0 0 0 0 1 0 1 0 0 0 0
 0 0 0 0 0 1 0 1 0 0 0 0 0 0 0 0 0 0 0 0 0 0 1 0 0 0 0 0 0 0 0 0 0 0 1 0
 0 1 0 1 2 4 5 3 2 1 0 0 0 0 0 0 0 0 0 0 0 0 0 1 0 0 0 0 0 0 0 0 0 0 0 0
 0 1 1 22 26 30 7 1 2 0 2 0 0 0 0 0 1 0 0 0 0 0 4 4 3 3 1 0 0 0 0 0 0 0 1 0
 0 11 24 29 32 15 10 1 1 3 1 1 0 0 0 0 1 0 1 0 0 1 1 3 4 0 0 0 2 0 2 0 0 0 2 3
 3 25 19 6 3 4 0 1 4 0 0 1 2 0 2 1 0 0 2 1 0 0 0 0 0 0 0 0 1 1 1 4 1 0 1 5
 7 2 2 1 0 0 1 0 0 0 0 0 0 1 1 0 0 0 0 0 0 0 0 0 0 1 0 0 1 0 0 2 1 3 3 3
 1 0 0 0 1 0 1 0 0 0 0 0 0 0 0 1 0 0 0 0 0 0 0 0 0 0 0 0 0 0 0 1 1 0 3 0
 0 0 1 0 1 0 0 0 0 0 0 0 0 0 0 0 0 0 0 0 0 0 0 0 0 0 0 0 0 0 0 0 0 0 0 0
 0 0 0 0 0 0 0 0 0 0 0 0 0 0 0 0 0 0 0 0 0 0 0 0 0 0 0 0 0 0 0 0 0 0 0 0
 0 0 0 0 0 0 0 1 0 0 0 0 0 0 0 0 0 0 0 0 0 0 0 0 0 0 0 0 0 0 0 0 0 0 1 0
 0 0 0 0 0 0 0 0 0 0 0 0 0 1 0 0 0 0 0 0 0 0 0 0 0 0 0 0 0 0 0 0 0 0 0 0
 0 0 0 0 0 0 0 0 0 0 0 1 1 0 0 0 0 0 0 0 0 0 0 0 0 0 0 0 0 0 0 0 0 0 0 0
 0 0 0 0 1 0 0 0 0 0 0 0 0 0 0 0 0 0 0 1 0 0 0 0 0 0 0 0 0 0 0 0 0 0 0 0
 0 0 0 0 0 0 0 0 1 0 0 0 0 1 0 1 0 0 0 0 0 0 0 0 0 0 0 0 0 0 0 0 0 2 0 0
 0 0 0 0 0 0 0 0 0 1 0 0 1 1 1 0 0 0 0 0 0 0 0 0 0 0 0 0 0 0 0 1 0 1 0 0
 0 0 0 0 0 0 0 0 0 3 0 1 1 1 0 0 3 0 1 0 0 0 0 0 0 0 0 0 0 1 0 0 1 1 0 0
 0 1 0 0 0 0 1 2 1 1 2 0 4 13 5 8 9 8 2 0 1 0 0 0 0 0 0 0 0 0 1 0 0 0 1 1
 0 0 1 1 0 2 2 1 2 3 7 12 23 34 49 43 49 37 11 5 1 1 1 0 0 0 0 0 1 0 2 1 1 0 1 0
 3 1 1 2 0 2 3 4 4 10 8 28 65 107 98 57 91 36 13 5 0 0 0 0 0 0 1 0 1 3 1 3 0 1 3 1
 5 3 9 6 7 1 6 14 9 10 16 70 127 204 168 144 112 34 7 0 0 0 0 0 2 0 1 1 0 1 2 1 1 1 2 2
 9 22 19 14 14 7 17 19 28 23 36 104 276 351 333 285 181 57 17 2 1 0 0 1 0 0 0 0 0 2 7 4 8 7 12 16
 39 37 48 30 17 11 8 11 23 45 77 182 438 542 467 364 212 65 21 6 2 1 0 1 2 0 1 1 0 1 8 17 26 26 23 35
 127 133 98 37 15 6 4 4 10 30 101 283 566 603 457 352 171 62 17 7 1 1 3 1 3 0 0 0 3 3 19 25 46 52 75 109
 277 212 80 33 11 7 7 15 17 34 79 206 520 552 374 291 169 71 18 1 5 3 3 1 1 1 1 1 5 13 15 61 82 115 145 201
 359 160 33 11 10 10 26 43 34 45 109 205 346 364 359 267 165 71 18 6 3 3 0 0 0 0 0 3 3 4 18 63 139 183 230 369
 228 52 9 5 5 7 21 20 36 26 47 125 267 367 372 321 177 61 14 6 0 0 1 0 1 0 0 2 3 8 29 155 395 464 403 402
 77 12 4 5 1 2 3 6 6 8 10 45 196 387 452 355 168 31 6 3 0 1 0 0 0 1 0 0 4 11 78 1021 3961 1730 712 338
 18 5 2 0 0 0 1 0 2 4 5 15 93 301 346 188 43 6 3 0 0 0 0 1 0 0 0 0 0 20 174 3172 6090 1486 390 66
 1 1 0 0 0 0 2 0 0 0 0 8 39 117 63 24 6 2 0 0 0 0 0 0 1 0 0 2 2 16 133 720 605 165 38 9
 0 0 0 0 0 0 0 0 0 1 2 4 10 16 10 2 0 0 0 0 0 0 0 0 0 0 0 0 2 6 33 62 39 17 5 0
 0 0 0 0 0 0 0 0 0 1 0 1 1 1 2 0 1 0 0 0 0 0 0 0 0 0 0 0 0 3 3 4 4 3 0 0
 0 0 0 0 0 0 0 0 0 0 0 0 0 0 0 0 0 0 0 0 0 0 0 0 0 0 0 0 0 0 1 0 0 0 0 0
 0 0 0 0 0 0 0 0 0 0 0 0 0 0 0 0 0 0 0 0 0 0 0 0 0 0 1 0 1 2 2 0 0 0 0 0
MET
 0 0 0 0 0 0 0 0 0 0 0 0 1 0 0 0 0 0 0 0 0 0 0 0 0 0 0 0 0 1 0 0 0 0 0 0
 0 0 0 0 0 0 0 0 0 0 0 0 0 0 0 0 0 0 0 0 0 0 0 0 0 0 0 0 0 0 0 0 0 0 0 0
 0 0 0 0 0 0 0 0 0 0 0 0 0 0 0 0 0 0 0 0 0 0 0 0 0 0 0 0 0 0 0 0 0 0 0 0
 0 0 0 0 0 0 0 0 0 1 0 0 0 0 0 0 0 0 0 0 0 0 0 0 0 0 0 0 0 0 0 0 0 0 0 0
 0 0 0 1 1 2 1 0 0 0 0 1 0 0 0 0 0 0 0 0 0 0 0 0 1 0 0 0 0 0 0 0 0 0 0 0
 0 0 3 5 12 9 6 1 0 0 0 0 0 0 0 0 0 0 0 1 0 1 0 0 1 0 0 0 0 0 0 0 0 0 0 0
 1 5 8 11 11 6 1 0 1 1 0 0 0 0 0 0 0 0 0 0 1 0 0 0 0 0 0 0 0 0 0 0 0 0 0 0
 2 8 8 6 1 0 0 0 0 0 0 1 0 1 1 0 0 0 0 1 0 0 0 0 0 0 0 0 0 0 1 1 0 0 0 1
 3 3 0 1 0 0 0 0 0 0 0 1 0 0 0 0 1 0 0 0 0 0 0 0 0 0 0 0 0 0 0 0 0 0 0 3
 0 1 1 0 0 0 0 0 0 0 1 0 0 0 0 0 0 0 0 0 0 0 0 0 0 0 0 0 0 0 0 0 0 0 0 0
 0 0 0 0 0 0 0 0 0 0 0 0 0 0 0 0 0 0 0 0 0 0 0 0 0 0 0 0 0 0 0 0 0 0 0 0
 0 0 0 0 0 0 0 0 0 0 0 0 0 0 0 0 0 0 0 0 0 0 0 0 0 0 0 0 0 0 0 0 0 0 0 0
 0 0 0 0 0 0 0 0 0 0 0 0 0 0 0 0 0 0 0 1 0 0 0 0 0 0 0 1 0 0 0 0 0 0 0 0
 0 0 0 0 0 0 0 0 1 0 0 0 0 0 0 0 0 0 0 0 0 0 0 0 0 0 0 0 0 0 0 0 0 0 0 0
 0 0 0 0 0 0 0 0 0 0 0 0 0 0 0 0 0 0 0 0 0 0 0 0 0 0 0 0 0 0 0 0 0 0 0 0
 1 0 0 0 0 0 0 0 0 0 0 0 0 0 0 0 0 0 0 0 0 0 0 0 0 0 0 0 0 0 0 0 0 0 0 0
 0 0 0 0 0 0 0 0 0 0 0 0 0 0 0 0 0 0 0 0 0 0 0 0 0 0 0 0 0 0 0 0 0 0 0 0
 1 0 0 0 0 0 0 0 0 0 0 0 0 0 0 0 0 0 1 0 0 0 0 0 0 0 0 0 0 0 0 0 0 0 0 0
 0 0 0 0 0 0 0 0 0 0 0 0 0 0 2 1 1 1 2 0 0 0 0 0 0 0 0 0 0 0 0 0 0 0 0 0
 0 0 0 0 0 0 0 0 0 3 0 4 1 2 5 15 14 6 4 0 1 0 0 0 0 0 0 0 0 0 0 1 0 0 0 0
 0 0 0 0 0 0 1 0 1 0 3 1 7 8 22 28 56 23 5 0 0 0 0 0 0 0 0 0 0 0 0 0 0 0 0 0
 0 0 2 1 1 0 2 1 1 2 4 3 10 18 63 66 46 21 6 1 1 0 0 0 0 0 0 0 0 0 0 0 0 0 0 1
 1 1 3 8 3 2 2 7 5 4 5 10 24 37 82 70 67 30 3 3 0 0 0 1 0 0 0 0 0 1 0 1 1 0 3 0
 4 6 10 5 2 2 4 5 6 4 7 12 33 79 105 83 56 17 5 1 2 1 0 0 0 0 0 1 1 0 0 1 3 1 4 5
 14 13 12 7 5 1 3 3 3 8 15 20 42 82 79 66 36 13 7 1 1 1 0 1 0 1 0 0 2 2 0 0 5 4 7 5
 23 31 16 11 0 0 2 0 3 4 9 34 52 75 71 46 36 13 0 3 1 0 0 0 0 0 0 2 0 1 2 1 7 7 6 10
 35 30 22 3 3 2 3 1 1 5 17 26 52 70 49 30 24 8 3 2 0 1 1 1 0 1 0 1 0 2 0 6 12 12 16 26
 66 32 14 1 5 4 4 6 5 12 13 16 43 58 51 37 34 15 6 0 1 1 1 0 1 0 0 0 0 2 3 9 18 23 33 62
 38 12 6 2 1 2 7 8 10 7 5 14 38 52 68 64 35 17 5 2 0 0 0 0 0 0 0 0 0 2 3 20 55 74 69 78
 20 2 1 1 1 1 0 0 2 0 2 9 24 56 99 63 40 8 0 2 0 0 0 0 0 1 0 0 0 0 14 149 736 369 140 78
 1 1 1 0 0 0 0 1 0 0 2 0 20 45 77 40 9 2 0 1 0 0 0 0 0 0 0 0 1 3 24 546 1110 293 95 12
 0 0 0 0 0 0 0 0 0 0 1 0 6 18 21 4 1 0 0 0 0 0 0 0 0 0 0 0 0 1 23 90 114 34 14 0
 0 0 0 0 0 0 0 0 0 0 0 0 6 2 3 0 0 0 0 0 0 0 0 0 0 0 0 0 1 2 4 11 5 0 3 0
 0 0 0 0 0 0 0 0 0 0 0 0 0 1 0 0 0 0 0 0 0 0 0 0 0 0 0 0 0 0 0 4 0 0 0 1
 0 0 0 0 0 0 0 1 0 0 0 0 1 0 0 0 0 0 0 0 0 0 0 0 0 0 0 0 0 0 1 1 0 0 0 0
 0 0 0 0 0 0 0 0 0 0 1 0 1 1 0 0 0 0 0 0 0 0 0 0 0 0 0 1 0 0 0 0 0 0 0 0
ASN
 0 0 0 0 0 0 1 1 0 0 0 0 1 0 0 0 0 0 0 0 0 0 0 0 0 0 0 0 2 1 0 0 0 0 0 0
 0 0 0 0 0 0 0 2 3 0 0 0 0 0 0 0 0 0 0 0 0 0 0 0 0 0 0 0 0 0 0 0 0 0 0 0
 0 0 0 0 0 0 0 2 0 0 2 0 0 0 0 0 0 0 0 0 0 0 0 0 0 1 0 0 0 0 0 0 0 0 0 0
 0 0 1 0 1 0 5 6 4 0 1 0 0 0 0 1 0 0 0 0 0 0 0 0 0 0 0 0 0 0 0 0 0 1 0 0
 1 1 0 6 22 56 46 17 2 3 1 0 0 0 0 0 0 0 0 0 0 0 0 1 3 0 0 0 0 0 0 0 0 0 0 0
 1 1 16 69 319 296 86 15 5 1 0 1 0 1 0 0 0 0 0 0 0 2 2 5 6 2 1 1 0 0 0 0 0 0 0 0
 7 22 126 270 328 130 50 7 5 4 0 2 0 0 0 0 0 0 0 2 3 1 2 7 6 3 3 0 1 1 0 1 0 1 0 3
 32 94 101 70 40 11 10 5 3 2 0 1 1 1 0 0 0 2 1 0 0 1 2 0 2 0 0 0 0 0 3 3 0 6 2 6
 18 13 11 7 2 3 2 2 1 0 2 0 1 0 0 0 2 0 0 0 1 0 0 1 1 0 0 0 0 0 5 0 1 4 3 20
 0 0 0 0 0 0 0 2 0 0 1 0 0 0 0 0 0 0 0 0 0 0 0 0 0 0 0 0 0 0 0 0 0 1 1 2
 0 0 0 0 0 0 0 1 0 0 0 0 0 1 0 0 0 0 0 0 0 0 0 0 0 0 0 0 0 1 0 1 0 1 1 3
 0 0 1 0 0 0 0 0 0 0 0 0 0 0 0 0 0 0 0 0 0 0 0 0 0 0 0 0 0 0 0 0 0 0 0 1
 0 0 0 0 0 0 0 0 0 1 0 0 0 0 0 0 0 0 0 0 0 0 0 0 0 0 0 0 0 0 0 0 0 0 0 1
 0 0 0 0 0 0 0 0 0 0 0 0 0 0 0 0 0 0 1 0 0 0 0 0 0 0 0 0 0 0 0 0 0 0 0 0
 0 0 0 0 0 0 0 0 1 1 0 0 0 0 0 0 0 0 0 0 0 0 0 0 0 0 0 0 0 0 0 0 0 0 0 0
 0 1 0 0 0 0 0 0 0 0 0 0 0 0 0 0 0 0 0 0 0 0 0 0 0 0 0 0 0 0 0 0 0 0 0 0
 0 0 0 0 0 0 0 1 0 0 0 0 1 1 0 1 0 0 0 0 0 0 0 0 0 0 0 0 0 0 0 0 0 0 1 0
 0 0 0 0 1 1 0 0 0 0 1 0 0 0 1 0 2 0 1 0 0 0 0 0 0 0 1 0 0 0 0 0 0 0 0 0
 0 0 0 0 2 1 0 2 1 2 1 3 0 2 2 1 2 7 5 1 0 0 0 0 2 0 0 0 0 0 0 1 0 0 1 0
 1 1 1 0 0 1 0 3 2 4 5 3 6 7 7 16 16 33 20 11 4 0 0 0 0 0 0 0 1 3 1 2 1 0 0 1
 1 2 1 3 3 4 7 14 6 14 20 15 18 19 20 32 48 81 73 24 8 0 0 0 0 0 1 0 0 2 1 0 0 0 0 1
 6 12 7 7 8 10 11 22 24 16 33 26 42 26 29 46 56 72 56 26 6 3 0 0 0 0 1 2 0 1 2 0 1 3 0 2
 15 18 29 12 21 18 27 43 33 35 46 45 44 41 53 60 51 51 44 27 12 4 0 1 0 0 1 0 3 1 3 3 3 5 3 4
 18 36 44 47 37 33 28 38 53 42 43 63 57 67 74 54 54 35 16 15 13 3 1 1 0 1 2 1 1 3 1 3 3 8 9 15
 74 95 97 77 31 15 13 27 35 37 58 85 82 66 93 63 62 27 14 16 6 3 3 1 0 1 2 0 1 2 7 3 5 11 28 29
 94 176 151 78 33 13 3 8 12 35 65 104 98 95 70 65 42 24 23 12 8 2 1 0 1 2 1 1 1 2 6 1 13 20 56 62
 214 314 188 68 18 13 17 11 19 42 113 125 89 105 84 72 44 30 43 13 5 1 2 0 1 0 3 0 3 4 5 15 17 45 52 87
 293 229 94 21 20 20 22 47 50 65 117 159 127 114 69 79 55 55 65 22 6 1 2 0 0 1 0 1 3 3 3 17 40 49 73 172
 170 97 17 6 9 11 46 57 58 49 77 109 132 95 100 87 81 86 57 20 3 1 0 0 0 1 0 1 0 2 9 32 91 129 161 210
 93 22 6 3 2 3 7 9 2 5 17 61 123 125 122 110 82 46 23 4 0 1 2 1 0 0 1 1 0 2 14 143 906 656 306 214
 11 2 0 2 0 1 1 1 0 4 4 25 73 117 115 79 32 5 1 1 0 0 0 0 0 0 1 3 1 5 31 538 1495 497 186 41
 0 1 0 0 1 0 0 0 0 1 5 4 33 71 37 15 3 4 1 0 1 0 0 0 0 0 0 2 3 3 28 147 146 53 14 6
 1 0 0 0 0 0 0 0 0 0 1 3 12 16 2 1 1 1 0 0 0 0 0 0 0 0 2 0 3 3 5 13 11 4 1 0
 0 0 0 0 0 0 0 0 0 1 0 2 0 2 0 0 0 0 0 0 0 0 0 0 0 0 0 0 1 1 2 1 1 0 0 0
 0 0 0 0 0 0 0 0 0 0 0 1 3 2 0 0 0 0 0 0 0 0 0 0 0 0 1 0 0 2 1 1 0 0 0 0
 0 0 0 0 0 0 0 1 0 0 1 0 0 1 0 1 0 0 0 0 0 0 0 0 0 0 0 0 0 0 0 1 0 0 0 0
PRO
 0 0 0 0 0 0 0 0 1 0 0 0 0 1 0 0 0 0 0 1 0 0 0 0 1 0 0 0 0 0 0 0 0 0 0 0
 0 0 0 0 0 1 0 1 0 0 0 0 0 0 0 0 0 0 0 0 0 0 0 0 0 0 0 0 0 1 0 0 0 0 0 0
 0 0 0 0 0 0 0 0 0 1 0 0 0 1 0 0 0 0 0 0 0 0 1 0 0 0 0 0 0 0 0 0 1 0 0 0
 0 0 0 0 0 0 0 0 0 0 0 0 0 0 0 0 0 0 0 0 0 0 0 0 0 0 0 0 0 0 0 0 0 0 0 0
 0 0 0 0 0 0 0 0 0 0 0 0 0 0 0 0 0 0 0 0 0 0 0 0 0 0 0 0 0 0 0 0 0 0 0 0
 0 0 0 0 0 0 0 1 0 0 0 0 0 0 0 0 0 0 0 0 0 0 0 0 0 0 0 0 0 0 0 0 0 0 0 0
 0 0 0 0 0 0 0 0 0 0 0 0 0 0 0 0 0 0 0 0 0 0 0 0 0 0 0 0 0 0 0 0 0 0 0 0
 0 0 0 0 0 0 0 0 0 0 0 0 0 0 0 0 0 0 0 0 0 0 0 0 0 0 0 0 0 0 0 0 0 1 0 0
 0 0 0 0 0 0 0 0 0 0 0 0 0 0 0 0 0 0 0 0 0 0 0 0 0 0 0 0 0 0 0 0 0 0 0 0
 0 0 0 0 0 0 0 0 0 0 0 0 0 0 0 0 0 0 0 0 0 0 0 0 0 0 0 0 0 0 0 0 0 0 0 0
 0 0 0 0 0 0 0 0 0 0 0 0 0 0 0 0 0 0 0 0 0 0 0 0 0 0 0 0 0 0 0 0 0 0 0 0
 0 0 0 0 0 0 0 0 0 0 0 0 0 0 0 0 0 0 0 0 0 0 0 0 0 0 0 0 0 0 0 0 0 0 0 0
 0 0 0 0 0 0 0 0 0 0 0 0 0 0 0 0 0 0 0 0 0 0 0 0 0 0 0 0 0 0 0 0 0 0 0 0
 0 0 0 0 0 0 0 0 0 0 0 0 0 0 0 0 0 0 0 0 0 0 0 0 0 0 0 0 0 0 0 0 0 0 0 0
 0 0 0 0 0 0 0 0 0 0 0 0 0 0 0 0 0 0 0 0 0 0 0 0 0 0 0 0 0 0 0 0 0 0 0 0
 0 0 0 0 0 0 0 0 0 0 0 0 0 0 0 0 0 0 0 0 0 0 0 0 0 0 0 0 0 0 0 0 0 0 0 0
 0 0 0 0 0 0 0 0 0 0 0 0 0 0 0 0 0 0 0 0 0 0 0 0 0 0 0 0 0 0 0 0 0 0 0 0
 0 0 0 0 0 0 0 0 0 0 0 1 0 0 0 0 0 0 0 0 0 0 0 0 0 0 0 0 0 0 0 0 0 0 0 0
 0 0 0 0 0 0 0 0 0 0 0 0 0 0 0 0 0 1 0 0 0 0 0 0 0 0 0 0 0 0 0 0 0 0 0 0
 0 0 0 0 0 0 0 0 0 0 0 0 0 0 0 0 0 0 0 0 0 0 0 0 0 0 0 0 0 0 0 0 0 0 0 0
 0 0 0 0 0 0 0 0 0 0 0 0 0 0 0 0 0 0 0 0 0 0 0 0 0 0 0 0 0 0 0 0 0 1 0 0
 0 0 0 0 0 0 0 0 0 0 1 0 0 1 0 0 0 0 0 0 0 0 0 0 0 0 1 0 0 0 0 0 0 0 0 0
 0 0 0 0 0 0 0 0 0 0 0 0 0 0 0 0 0 0 0 0 0 0 0 0 0 0 0 0 0 0 0 0 0 0 0 0
 0 1 0 0 0 0 0 0 1 0 0 0 0 0 0 0 1 0 0 0 0 0 0 1 0 0 0 0 0 0 1 0 0 1 0 0
 0 1 1 0 0 0 1 0 1 0 1 1 0 0 0 1 1 0 0 0 0 0 0 1 0 0 0 0 0 0 0 0 0 1 0 0
 4 5 3 1 3 0 0 0 0 0 2 0 2 0 0 1 5 1 1 1 0 0 1 0 0 0 0 0 0 0 0 0 0 0 0 1
 23 22 17 11 4 4 0 1 1 0 1 0 2 5 7 10 13 13 6 3 0 0 0 0 0 0 0 0 0 0 0 0 1 0 5 11
 96 65 36 12 9 8 14 13 3 3 3 8 11 29 57 77 90 89 32 12 4 0 1 0 1 1 0 0 0 2 0 0 4 9 33 73
 157 71 20 7 13 49 80 90 38 24 26 34 67 120 248 391 463 299 111 21 9 1 1 1 1 1 1 1 0 0 1 1 8 49 147 217
 106 15 3 4 4 26 28 31 13 11 24 47 114 316 807 1237 937 362 62 11 1 3 3 2 3 2 0 2 0 1 4 22 88 355 488 396
 28 5 1 1 4 2 1 2 5 5 5 24 152 634 1511 1435 517 93 16 6 0 2 0 0 1 1 0 0 1 9 25 193 1042 1462 1024 243
 8 4 0 0 1 1 0 1 0 4 6 20 141 505 644 262 52 16 2 2 1 1 1 0 1 1 1 0 3 7 36 389 956 582 162 21
 1 1 0 0 0 0 0 0 0 1 3 9 25 46 40 4 2 2 1 0 0 0 0 0 0 0 1 2 3 9 34 105 96 33 9 0
 0 0 0 0 0 2 0 0 1 1 3 3 6 2 3 2 0 0 0 0 0 0 0 0 0 1 1 0 1 3 7 12 4 3 1 0
 0 0 0 0 0 0 0 0 0 0 0 0 0 2 3 1 0 0 0 0 0 0 0 0 0 1 3 2 1 2 3 0 0 0 0 0
 0 0 0 1 0 0 0 0 1 0 0 0 0 2 0 0 0 0 0 0 0 0 0 0 0 0 0 1 0 1 0 0 1 1 0 1
GLN
 0 0 0 0 0 0 0 0 1 0 0 0 0 0 0 0 0 0 0 0 0 0 0 0 0 0 0 0 1 0 0 0 0 0 0 0
 0 0 0 0 0 0 0 0 0 0 1 0 0 0 0 0 0 0 0 0 0 0 0 0 0 0 0 0 0 0 0 0 0 0 0 0
 0 0 0 0 0 2 0 0 1 0 0 0 0 0 0 0 0 0 0 0 0 0 0 0 0 0 0 0 0 0 0 0 0 0 0 0
 0 0 0 0 0 2 1 0 0 0 0 0 0 0 0 0 0 0 0 0 1 1 0 0 0 0 1 0 0 0 0 0 0 0 0 0
 0 0 0 0 3 13 10 6 1 0 0 0 0 0 0 0 0 0 0 0 0 1 0 0 1 0 0 0 0 0 0 0 0 0 0 0
 0 0 2 16 53 73 29 3 1 0 0 0 0 0 0 0 0 0 0 0 0 0 3 5 7 1 0 0 0 0 0 0 0 0 0 0
 4 5 27 46 55 29 10 5 0 3 1 0 2 0 0 0 0 1 1 0 0 1 3 1 0 0 1 2 0 0 0 0 1 0 0 0
 11 14 27 13 6 5 0 2 0 0 1 2 0 1 0 0 0 0 0 0 0 1 0 0 1 0 1 1 0 0 3 1 3 0 1 2
 6 2 2 1 0 1 0 0 0 0 0 2 1 0 0 0 0 0 0 0 0 0 0 0 0 0 0 0 0 1 0 0 1 0 1 0
 0 0 0 1 0 0 0 0 0 0 0 0 1 1 0 0 0 0 1 0 0 0 0 1 0 0 1 0 0 0 1 0 0 0 0 0
 0 0 0 0 0 0 0 0 0 0 1 0 1 0 0 0 0 0 0 0 0 0 0 0 0 0 0 0 0 0 0 0 0 0 0 0
 0 0 0 0 0 0 0 0 0 0 1 0 0 0 0 0 0 0 0 0 0 0 0 0 0 0 0 0 0 0 0 0 0 0 0 0
 0 0 0 0 0 0 0 0 0 0 0 0 0 0 0 0 0 0 0 0 0 0 0 0 0 0 0 0 0 0 0 0 0 0 0 0
 0 0 0 0 0 0 0 0 0 1 0 0 0 0 0 0 0 0 0 0 0 0 0 0 0 0 0 0 0 0 0 1 0 0 0 0
 0 0 0 0 0 0 0 0 0 0 0 0 0 1 0 0 0 0 0 0 0 0 0 0 0 0 0 0 0 0 0 0 0 0 0 0
 0 0 0 0 0 0 0 0 0 0 0 0 0 0 0 0 0 0 0 0 0 0 0 0 0 0 0 0 0 0 0 0 0 0 0 0
 0 0 0 0 0 0 0 0 0 0 0 0 0 0 0 0 0 0 0 0 0 0 0 0 0 0 0 0 0 0 1 0 0 0 0 0
 1 0 0 0 0 0 0 0 0 0 0 0 0 0 0 0 0 0 0 0 0 0 0 0 0 1 0 1 0 0 0 1 1 1 0 1
 0 0 0 0 0 0 0 0 0 0 0 0 0 3 2 3 3 2 1 1 1 0 0 0 0 0 0 0 0 0 0 1 0 0 0 1
 0 0 0 0 0 0 0 1 1 0 1 1 6 6 14 9 21 23 2 1 1 0 0 0 0 0 0 0 0 1 0 0 0 0 0 0
 0 1 0 2 1 2 0 3 2 1 2 3 13 24 38 43 51 37 12 3 2 0 0 0 0 0 0 0 0 0 0 1 0 0 1 1
 2 2 3 2 3 2 2 2 2 5 7 12 32 55 98 87 85 29 11 4 1 0 0 1 0 0 0 0 0 0 1 1 1 2 3 1
 4 6 4 7 4 3 6 13 13 10 14 14 41 76 136 139 91 38 9 4 0 1 0 1 0 0 0 0 1 0 2 0 1 4 3 3
 9 14 9 8 14 10 14 21 18 13 12 33 76 129 128 147 87 32 12 3 0 1 0 0 0 3 0 1 3 1 2 4 8 6 4 4
 28 33 36 18 12 5 2 4 10 14 18 38 89 128 130 118 62 34 12 4 0 2 0 0 0 0 1 1 2 2 3 10 15 14 12 14
 59 69 52 8 6 3 1 5 7 11 27 56 84 123 113 108 55 27 8 1 4 3 0 0 1 3 0 1 0 2 2 13 22 25 44 37
 127 102 48 10 6 1 3 3 9 14 28 54 100 118 95 87 54 21 10 6 1 1 0 2 0 1 1 0 0 2 3 12 41 37 62 79
 192 75 20 6 3 5 10 20 12 17 24 47 74 99 104 84 71 26 9 4 3 0 0 0 0 0 0 1 1 3 10 16 60 84 93 158
 121 32 8 6 0 2 9 18 13 6 20 31 84 122 119 101 67 37 7 1 1 1 1 0 0 0 1 0 2 3 9 58 161 223 158 196
 43 4 6 1 1 0 6 3 2 3 5 9 60 118 134 120 76 19 2 2 0 0 0 0 0 0 0 1 0 7 36 298 1706 747 336 156
 7 3 2 0 0 0 4 0 1 3 1 7 31 106 123 83 33 6 0 1 0 0 0 0 0 0 0 1 5 10 62 1077 2567 659 225 41
 0 0 0 0 0 0 0 0 0 2 2 5 19 55 39 11 4 3 0 1 0 0 0 0 0 0 0 0 1 6 58 238 265 104 15 4
 0 0 0 0 0 0 0 0 0 1 1 1 5 8 4 3 1 2 0 0 0 0 0 0 0 0 1 1 1 3 14 20 15 4 2 1
 0 0 0 0 0 0 0 0 0 1 0 0 0 0 0 0 0 0 0 0 0 0 0 0 1 0 0 0 0 0 1 3 2 1 0 0
 0 0 0 0 0 0 0 1 0 1 0 0 0 2 1 0 0 0 0 0 0 0 0 0 0 0 1 0 0 1 0 0 0 0 0 0
 0 0 0 0 0 0 0 0 0 0 1 0 0 0 0 0 0 0 0 0 0 0 0 0 0 0 0 1 0 0 1 0 1 0 0 0
ARG
 0 0 0 0 0 0 1 0 0 0 0 1 0 0 0 0 1 0 0 0 0 0 0 0 0 0 1 0 0 1 0 0 0 0 0 0
 0 0 0 0 0 0 0 0 0 0 0 0 0 0 0 0 0 0 0 0 0 0 0 0 0 0 0 0 0 0 0 0 0 0 0 0
 0 0 0 0 0 0 0 2 0 0 0 0 0 0 0 0 0 0 0 0 0 0 0 0 0 0 0 0 0 0 0 0 0 0 0 0
 0 0 0 0 1 1 1 1 1 0 1 1 0 0 0 0 1 0 0 0 0 0 0 0 0 1 0 0 0 1 0 0 0 0 0 0
 0 0 0 0 3 12 12 3 3 0 1 0 0 0 0 0 0 0 0 0 1 0 0 1 1 0 0 0 1 0 0 0 0 0 0 0
 1 2 3 22 60 89 33 6 1 0 0 0 1 0 0 0 0 0 0 2 0 0 2 6 4 2 0 0 0 1 0 0 0 0 0 0
 3 5 36 63 68 30 18 5 1 1 0 2 1 1 0 1 0 1 1 0 1 2 5 3 2 1 0 0 0 1 2 0 0 0 0 1
 4 28 28 17 11 4 2 2 0 2 1 1 1 0 1 2 1 0 1 0 0 0 0 0 0 1 0 2 0 1 4 4 2 1 1 2
 5 7 2 2 0 0 1 0 0 0 1 0 1 0 3 0 0 1 0 0 0 0 0 0 0 0 0 0 0 2 1 0 0 1 3 3
 2 0 0 0 0 1 0 0 0 0 0 0 1 1 0 0 0 0 0 0 0 0 0 0 0 0 0 0 0 1 0 0 0 1 0 0
 2 0 0 0 0 0 0 0 0 1 0 0 0 0 1 0 0 0 0 0 0 0 0 0 0 0 0 0 0 0 0 0 0 0 0 0
 0 0 0 0 0 0 0 0 0 0 0 0 0 0 0 0 0 0 0 0 0 0 0 0 0 0 0 0 0 0 1 0 0 0 1 0
 0 0 0 0 0 0 0 0 0 0 0 0 0 0 0 0 0 0 0 0 0 0 0 0 0 0 0 0 0 0 0 0 0 1 0 0
 0 0 0 0 0 0 0 0 0 0 0 0 0 0 0 0 0 0 0 0 0 0 0 0 0 0 0 0 0 0 0 0 0 0 0 0
 0 0 0 1 0 0 0 0 0 0 0 0 0 0 0 0 0 0 0 0 0 0 0 0 0 0 0 0 0 0 0 0 0 0 0 0
 0 0 1 0 0 0 0 0 0 0 0 0 0 0 0 0 1 0 0 0 0 0 0 0 0 0 0 0 0 0 0 1 0 0 0 0
 0 0 0 0 0 0 0 0 0 0 0 0 0 0 0 0 0 0 1 0 1 0 0 0 0 0 0 0 0 0 0 0 0 0 0 0
 0 1 1 1 0 1 0 0 1 0 0 0 0 0 0 2 0 0 0 0 0 0 0 0 0 0 0 0 0 0 0 0 1 0 1 0
 0 0 0 0 0 0 1 0 0 1 2 1 0 0 7 2 9 8 4 1 1 0 0 0 0 0 0 1 0 0 0 1 0 0 0 0
 0 1 0 0 0 0 1 1 0 0 2 3 4 12 25 25 38 35 9 0 1 0 0 0 0 0 0 0 0 0 1 1 0 0 1 0
 1 3 1 0 0 0 1 3 2 2 2 4 14 37 64 72 126 56 11 1 0 1 0 0 0 0 0 0 1 0 1 0 1 2 2 0
 1 1 1 1 1 3 3 7 5 5 7 21 34 77 108 144 136 72 21 3 1 0 0 1 0 0 0 0 0 2 0 0 2 0 4 3
 10 9 10 16 8 6 10 19 13 16 13 19 80 151 210 217 175 74 11 4 1 0 1 0 1 1 0 0 2 3 4 5 0 6 5 6
 22 26 24 17 16 11 19 27 25 29 25 54 104 212 245 248 140 63 22 6 2 1 1 1 0 0 0 0 0 1 5 7 7 13 14 17
 32 55 46 27 12 7 6 11 15 22 34 63 125 204 204 161 84 44 19 7 1 4 3 0 2 3 2 1 2 6 3 8 11 23 37 27
 90 78 47 29 6 7 4 1 6 13 24 61 130 208 161 111 77 27 12 3 1 3 0 2 2 2 1 0 4 2 3 9 27 31 48 59
 126 89 55 14 8 7 5 9 5 16 27 77 163 178 169 85 84 38 11 4 1 1 2 0 0 2 2 2 3 3 5 11 43 65 58 91
 184 72 17 7 4 2 19 19 20 21 26 70 128 148 118 97 71 28 11 5 0 0 0 1 0 2 2 0 2 1 9 32 68 102 98 153
 119 25 6 2 5 7 9 22 16 18 25 44 96 173 185 162 125 40 12 3 2 0 0 0 0 1 0 1 1 5 26 66 193 219 229 219
 45 12 3 2 1 0 2 7 2 6 9 13 65 167 222 218 114 29 4 1 0 1 1 0 0 0 0 2 2 10 37 432 1800 841 410 223
 10 3 4 0 0 0 0 2 0 1 1 5 46 164 209 123 32 5 3 1 1 0 0 0 0 1 0 1 1 9 91 1615 3239 889 312 51
 0 0 0 2 0 0 0 0 1 0 5 4 26 88 65 21 5 2 1 0 1 0 1 0 0 0 2 2 3 12 73 398 413 141 30 7
 0 0 0 0 0 0 0 0 2 0 2 3 8 10 6 2 1 0 0 0 0 0 0 0 0 0 1 1 2 7 34 49 41 9 1 0
 0 0 0 0 0 0 0 0 0 0 0 2 1 0 0 1 0 0 0 0 0 0 0 0 0 0 0 0 0 1 7 9 3 0 0 1
 0 0 0 0 0 0 0 0 0 0 0 0 1 1 0 1 0 0 0 0 0 0 0 0 0 0 0 1 1 0 0 1 3 0 0 0
 0 0 0 0 0 0 0 0 0 0 0 1 0 0 0 0 0 0 0 0 0 0 0 0 0 0 1 1 1 0 1 0 0 0 0 0
SER
 0 0 0 0 0 0 0 0 0 0 2 0 1 0 0 0 0 0 0 0 0 0 0 0 0 0 0 0 1 1 0 0 0 0 0 0
 0 0 0 0 0 0 0 0 1 0 0 0 0 0 0 0 0 0 0 0 0 0 0 0 0 0 0 0 0 0 0 0 0 0 0 0
 0 0 0 0 0 0 2 2 0 0 1 1 0 1 0 0 0 0 0 0 0 1 1 0 0 0 0 0 0 0 0 0 0 0 0 0
 0 0 0 0 0 3 1 3 0 1 0 0 0 0 0 0 0 0 1 0 0 0 0 1 0 0 0 2 1 0 1 0 0 0 0 0
 0 0 0 4 4 7 17 5 1 0 1 1 0 0 0 0 0 1 0 1 0 1 0 0 3 1 0 0 1 0 1 0 0 0 0 0
 0 3 6 14 55 64 20 7 3 1 1 0 1 0 0 0 0 2 0 0 0 1 8 6 10 2 0 0 0 0 1 0 0 0 2 0
 0 3 21 40 43 20 8 3 4 3 1 1 1 2 2 0 0 0 2 0 3 6 2 7 10 2 1 0 0 1 1 1 1 2 1 0
 8 24 11 13 9 0 0 0 1 1 2 3 0 2 2 1 1 1 2 2 4 1 1 1 0 1 0 0 0 0 1 2 1 3 2 0
 10 3 2 1 1 0 0 0 1 3 0 0 1 0 0 0 2 2 1 1 0 0 0 0 0 0 0 1 0 1 2 1 0 3 4 5
 2 0 0 0 1 0 0 0 0 1 0 1 0 0 1 1 2 0 0 0 0 0 0 0 0 0 0 0 0 0 0 1 0 0 1 4
 1 1 1 0 0 0 0 0 0 0 1 0 1 0 0 0 0 1 0 0 0 0 0 0 0 0 0 0 0 1 1 0 0 2 0 0
 0 1 0 0 0 0 0 0 0 0 0 0 0 1 0 0 0 0 0 0 0 0 0 0 0 0 0 0 0 0 0 0 0 0 0 0
 0 0 0 0 0 0 0 0 0 0 1 0 1 0 0 0 0 0 0 0 0 0 0 0 0 0 0 0 0 0 0 0 0 1 0 0
 0 0 0 0 0 0 0 0 0 0 0 0 0 0 0 0 0 0 0 0 0 0 0 0 0 0 0 0 0 0 0 0 0 0 1 0
 0 0 0 0 0 0 0 0 0 0 0 0 0 1 1 0 0 0 0 0 0 0 0 0 0 0 0 0 0 0 0 0 1 0 0 0
 0 0 0 0 0 0 1 0 0 0 0 0 0 0 0 2 0 1 1 0 0 0 0 0 0 0 0 0 0 0 0 0 0 0 0 1
 2 0 0 1 0 0 0 0 1 0 0 0 1 1 2 0 1 1 0 0 0 0 1 1 0 0 0 0 0 0 1 1 0 0 0 0
 1 0 1 0 0 0 0 1 0 1 1 1 1 2 3 4 1 4 1 0 0 0 0 0 0 0 0 2 0 1 0 0 0 0 2 0
 0 1 1 0 0 0 0 1 0 0 1 2 0 7 3 7 26 19 11 5 0 1 1 0 0 0 0 0 0 0 2 0 0 0 0 0
 0 1 0 0 2 1 1 3 1 5 2 1 9 13 39 62 109 127 48 16 5 0 1 0 0 0 0 0 0 0 0 2 0 2 0 0
 2 2 2 0 6 1 2 5 1 5 3 10 29 36 115 193 332 231 97 36 9 6 2 0 0 0 0 0 1 0 1 1 2 1 2 2
 2 2 4 4 8 4 9 7 7 9 16 31 46 75 148 250 339 194 86 27 15 4 1 1 0 3 1 2 3 2 3 3 3 1 1 7
 15 18 20 11 12 8 10 18 8 18 14 36 60 143 175 302 276 151 62 37 9 5 2 0 0 3 0 1 4 5 1 1 4 10 7 16
 23 34 15 21 15 6 12 11 15 19 26 44 69 136 199 284 211 109 44 22 5 4 4 4 1 1 3 3 1 4 2 4 6 11 12 28
 35 55 37 18 15 4 7 12 10 13 38 47 94 152 188 198 150 72 31 10 4 3 6 4 0 2 0 4 0 5 1 9 10 14 48 38
 72 86 63 26 11 6 2 2 4 9 21 51 103 114 131 152 112 71 14 9 9 3 1 0 1 1 1 2 4 2 4 9 19 27 53 65
 191 145 42 13 6 9 3 5 8 11 34 63 94 127 120 112 120 102 35 20 7 3 5 1 1 2 2 2 5 6 4 17 24 50 71 137
 281 114 25 6 2 6 14 19 11 15 17 58 91 105 135 133 165 159 58 20 5 0 1 1 1 2 1 0 2 2 11 29 58 98 182 268
 221 45 8 6 7 10 12 15 8 8 13 31 80 118 176 233 358 303 72 11 8 2 0 0 0 0 0 0 4 5 15 51 120 206 337 446
 86 9 2 3 5 3 1 7 1 3 9 10 53 135 297 419 456 250 46 5 1 0 0 1 1 1 2 2 5 4 21 300 1216 857 767 495
 18 2 2 1 1 1 0 2 0 2 6 6 43 162 329 270 162 40 8 2 1 2 1 0 0 0 0 1 4 6 58 1020 2130 1040 638 119
 1 0 0 0 0 0 0 1 2 0 4 10 16 95 110 43 16 2 2 0 0 1 0 0 0 1 1 1 1 4 53 255 292 134 58 12
 0 0 0 0 1 0 0 0 1 1 1 2 11 20 8 6 3 1 0 0 0 0 0 0 0 0 0 0 0 4 20 35 33 10 7 0
 0 0 0 0 0 0 0 0 0 1 0 1 3 4 5 0 0 0 0 0 0 0 0 0 0 0 0 0 0 2 4 3 4 3 2 1
 0 0 0 0 0 0 0 0 0 1 0 0 1 0 0 0 0 0 0 0 0 0 0 0 0 0 0 1 0 3 0 0 1 1 0 0
 0 0 0 0 0 0 0 1 0 1 2 0 1 0 0 0 0 0 0 0 0 0 0 1 0 0 0 0 1 0 3 0 0 0 0 0
THR
 0 0 0 0 0 0 0 0 1 0 0 0 1 0 0 0 0 0 0 0 0 0 0 0 0 0 0 0 0 0 1 0 0 0 0 0
 0 0 0 0 0 0 1 0 0 0 0 0 0 0 0 0 0 0 0 0 0 0 0 0 0 0 0 0 0 0 0 0 1 0 0 0
 0 0 0 0 0 0 1 1 0 0 0 0 0 1 0 0 0 0 0 0 0 0 0 0 0 0 0 0 0 0 0 0 0 0 0 0
 0 0 0 0 0 0 1 0 0 0 0 0 0 0 0 0 0 0 0 0 0 0 1 0 0 1 1 0 0 0 0 0 0 0 0 0
 0 0 1 1 2 5 4 5 1 0 0 1 0 0 1 0 0 1 0 0 0 0 0 2 1 1 1 0 0 0 0 0 0 0 0 0
 1 0 1 2 7 5 6 2 1 0 3 2 1 0 0 1 0 0 0 0 0 0 0 0 2 0 1 0 0 0 0 0 0 0 0 0
 1 1 2 2 5 3 3 2 0 1 0 2 1 0 0 0 0 1 0 0 0 0 0 0 0 0 0 0 0 0 0 0 2 1 0 0
 7 0 1 2 0 1 0 1 0 1 0 0 1 0 1 1 1 5 0 0 0 0 0 0 0 0 0 0 0 0 3 1 0 0 6 2
 7 7 1 1 0 0 0 0 0 0 0 0 1 0 0 1 1 1 0 0 0 0 0 0 0 0 0 0 0 0 0 0 2 2 0 7
 1 0 0 0 0 0 0 0 0 0 1 1 0 1 0 0 1 0 0 0 0 0 1 0 0 0 0 0 0 0 0 0 0 0 3 2
 0 0 0 0 0 1 1 0 0 0 0 0 0 1 0 0 0 0 0 0 0 0 0 0 0 0 0 0 0 0 0 1 0 0 0 0
 0 0 0 0 0 0 0 0 0 0 0 0 1 0 0 0 0 0 0 0 0 0 0 0 0 0 0 0 0 1 0 0 0 0 0 0
 0 0 0 0 0 0 0 0 0 0 0 0 0 0 0 0 0 0 0 0 0 0 0 0 0 0 0 0 0 1 0 0 0 0 0 0
 0 0 0 0 0 0 0 0 0 0 0 0 0 0 0 0 0 0 0 0 0 0 0 0 0 0 0 0 0 0 0 0 0 0 0 0
 0 0 0 0 1 0 0 0 0 0 0 0 0 0 2 0 0 0 0 0 0 0 0 0 0 0 0 0 0 0 0 0 0 0 0 0
 0 0 0 0 0 0 0 0 0 0 0 0 0 0 1 0 0 0 0 0 0 0 0 0 0 0 0 0 0 0 0 0 0 0 1 0
 0 0 0 0 0 0 0 1 0 0 2 0 0 0 0 0 1 0 0 0 0 0 0 0 0 0 0 0 0 0 0 0 0 0 0 0
 1 0 0 0 0 0 0 0 1 0 1 0 0 0 0 2 1 0 0 1 0 0 0 0 0 0 0 0 0 0 0 1 0 0 0 0
 0 2 0 1 1 0 1 1 0 0 0 0 0 0 3 1 5 2 1 3 0 0 0 0 0 0 0 1 0 0 0 0 1 0 0 0
 0 0 0 1 0 0 0 0 1 0 0 1 1 3 7 24 26 16 13 3 1 0 0 0 0 0 0 0 0 1 0 0 1 0 0 0
 0 1 1 0 0 0 0 0 1 1 2 2 6 13 19 79 93 65 56 25 4 3 0 0 0 0 0 0 0 0 0 1 0 1 0 0
 3 1 1 1 4 2 0 2 1 1 5 9 25 46 93 146 152 91 70 45 18 1 0 0 0 0 0 0 1 2 1 0 0 2 4 2
 9 9 9 7 3 2 4 9 8 12 16 28 64 160 227 263 379 263 119 41 15 2 0 0 1 1 0 3 0 0 1 0 2 10 8 14
 52 68 45 27 15 6 16 24 17 14 26 51 166 383 360 364 477 292 133 46 11 2 2 3 0 3 6 2 9 4 5 9 16 15 46 60
 130 122 85 42 17 4 9 10 12 24 34 88 233 484 321 254 278 224 88 27 7 4 1 4 2 1 4 4 12 7 13 21 11 47 116 113
 159 124 71 22 6 5 3 7 2 10 33 82 270 376 214 145 189 128 50 17 8 0 2 0 2 3 3 3 6 2 18 25 35 75 147 167
 198 144 46 12 7 4 4 5 4 2 22 83 190 247 160 92 158 126 60 17 2 0 0 1 0 3 3 3 5 6 16 22 44 78 158 194
 210 91 24 3 6 4 3 5 2 9 21 61 158 185 114 103 197 177 43 8 2 3 0 2 0 2 0 1 5 4 8 47 55 119 171 233
 130 30 5 3 2 2 9 5 8 2 10 42 116 204 135 107 247 280 60 13 2 2 1 0 1 1 0 1 3 3 12 74 139 164 237 261
 47 10 3 3 4 1 1 0 0 1 4 15 72 187 143 134 203 132 24 4 0 0 0 0 1 0 0 1 1 7 32 464 1242 565 297 227
 13 1 0 0 0 0 1 1 2 2 0 8 45 182 156 83 43 22 2 1 1 0 0 0 0 1 0 1 2 10 60 1263 1791 443 187 48
 0 0 0 0 0 0 0 0 0 1 0 4 41 96 62 13 3 0 0 1 0 1 0 0 0 0 1 0 2 6 51 267 204 59 15 5
 0 0 0 0 0 0 0 0 0 0 1 2 9 11 8 3 1 0 1 0 0 0 0 0 0 0 0 1 2 6 17 42 16 7 3 1
 0 0 0 0 0 0 0 0 0 0 0 0 1 0 1 0 1 0 0 1 0 0 1 0 0 0 1 0 0 2 5 6 1 0 0 0
 0 0 0 0 0 0 0 0 0 0 0 0 0 0 0 0 0 0 0 0 0 0 0 0 0 0 0 0 0 2 3 1 0 0 0 0
 0 0 0 0 0 0 0 1 1 0 1 0 0 1 0 0 0 0 0 0 0 1 0 0 0 0 0 0 0 0 1 0 0 0 0 0
VAL
 0 0 0 0 0 0 0 0 0 0 0 0 0 0 0 0 0 0 0 0 0 0 0 0 0 0 0 0 0 1 0 1 0 0 0 0
 0 0 0 0 0 0 0 0 0 0 0 0 0 0 0 0 0 0 0 0 0 0 0 0 0 0 1 0 0 0 0 0 0 0 0 0
 0 0 0 0 0 0 0 1 0 0 1 0 0 0 0 0 0 0 0 0 0 0 0 0 1 0 0 0 0 0 0 0 0 0 0 0
 0 1 0 0 0 2 0 0 0 0 0 0 0 1 0 0 0 0 0 0 0 0 0 0 0 0 0 0 0 0 0 0 0 0 0 0
 0 1 0 0 2 5 1 0 0 1 0 0 1 0 0 0 0 0 0 0 1 1 0 0 0 0 0 0 0 0 0 0 0 0 0 0
 2 0 1 2 3 9 2 0 2 2 0 1 0 0 0 0 0 0 0 0 0 0 0 0 0 0 0 1 0 0 0 0 0 0 0 1
 0 0 0 4 2 1 1 1 0 1 2 1 0 1 0 0 1 0 0 0 0 0 0 0 0 1 0 1 0 0 0 0 0 0 0 0
 0 0 3 1 0 0 0 1 0 3 0 3 0 0 0 0 0 0 0 0 0 0 0 0 0 0 0 0 0 0 5 2 0 0 1 0
 0 0 0 0 0 0 0 0 0 0 0 2 0 0 0 0 0 0 0 0 0 0 0 0 0 0 0 1 0 0 1 2 0 0 0 0
 0 0 0 0 0 0 0 0 1 0 1 1 0 2 0 0 0 0 0 0 0 0 0 0 0 0 0 0 0 1 0 0 0 1 0 0
 0 0 0 0 0 0 0 0 0 0 0 0 0 0 0 0 0 0 0 0 0 0 0 0 0 0 0 0 0 0 0 0 0 0 0 0
 0 0 0 0 0 0 0 0 0 0 0 0 0 0 0 0 0 0 0 0 0 0 0 0 0 0 0 0 0 0 0 0 0 1 0 0
 0 0 0 0 0 0 0 0 0 0 0 0 0 0 0 0 0 0 0 0 0 0 0 0 0 0 0 0 0 0 0 0 0 0 0 0
 0 0 0 0 0 0 0 0 0 0 0 0 0 0 0 0 0 0 0 0 0 0 0 0 0 0 0 0 0 0 0 0 0 0 0 0
 0 0 0 0 0 0 0 0 0 0 0 0 0 0 0 0 0 0 0 0 0 0 0 0 0 0 0 0 0 0 0 0 0 0 0 0
 0 0 0 0 0 0 0 0 0 0 0 0 0 0 0 0 0 0 0 0 0 0 0 0 0 0 0 0 0 0 0 0 0 0 0 0
 0 0 0 0 0 0 0 0 0 0 0 0 0 0 0 0 0 0 0 0 0 0 0 0 0 0 0 0 0 0 0 0 0 0 1 0
 0 0 0 0 0 0 0 0 0 0 1 0 1 1 1 0 0 0 0 0 0 0 0 0 0 0 0 0 0 0 0 0 0 0 1 0
 0 0 0 0 0 0 1 1 1 0 0 0 0 2 1 3 2 0 0 2 0 0 0 0 0 0 0 0 0 0 0 0 0 0 0 0
 0 0 0 0 0 0 0 0 0 0 0 0 1 1 5 10 8 1 0 0 0 0 0 0 0 0 0 0 0 1 1 1 0 0 1 0
 0 0 0 2 0 0 0 0 0 1 0 3 3 12 41 68 23 12 2 0 0 1 0 0 0 0 0 0 0 0 0 0 1 0 0 0
 0 2 2 1 0 1 1 3 2 3 7 8 23 47 180 139 86 33 13 6 0 0 1 0 1 0 0 0 0 0 0 1 2 0 0 0
 4 2 5 5 0 4 6 6 5 16 20 61 190 413 480 341 388 172 25 6 1 1 0 0 1 0 0 0 1 0 0 4 1 2 4 8
 22 24 28 18 13 10 10 9 26 45 83 214 600 1086 811 481 521 196 49 3 2 2 1 1 0 1 0 0 2 7 13 14 9 12 24 26
 70 54 49 30 8 3 2 3 15 51 117 334 848 1313 669 292 253 112 27 9 3 1 2 2 1 0 0 1 5 11 34 30 21 19 54 84
 71 50 48 17 0 2 2 1 7 23 114 350 800 945 423 132 83 36 11 5 1 0 0 0 0 0 1 1 4 4 24 49 45 40 71 92
 73 66 26 5 3 1 2 2 5 28 96 257 571 617 240 91 52 22 7 4 3 1 0 0 1 2 0 0 2 12 34 73 49 50 50 56
 57 32 7 0 0 3 3 10 11 32 76 207 421 422 197 70 39 21 11 4 0 0 0 0 1 0 0 0 1 4 32 83 115 69 79 83
 36 11 8 0 4 1 3 4 14 21 45 130 360 372 233 73 54 22 2 1 0 0 0 0 0 0 0 0 2 5 38 183 245 144 100 82
 17 2 1 3 2 2 1 2 2 5 9 35 207 402 289 92 55 21 3 0 0 0 0 0 0 1 0 2 0 6 65 924 2069 618 231 112
 5 1 0 0 1 1 0 1 0 0 2 7 71 256 194 74 23 3 1 0 0 0 0 0 0 0 1 0 1 10 106 2296 2929 601 194 26
 0 0 0 0 0 0 0 0 1 0 1 2 14 86 59 17 3 1 0 0 0 0 0 0 0 0 0 0 0 5 63 339 312 103 17 3
 0 0 0 0 0 0 0 0 0 0 0 2 3 6 1 5 1 0 0 0 0 0 0 0 0 0 0 1 0 4 18 32 14 13 2 0
 0 0 0 0 0 0 0 0 0 1 2 0 1 2 1 0 0 0 0 0 0 0 0 0 0 0 0 0 0 1 3 5 3 0 0 0
 0 0 0 0 0 0 0 0 0 0 2 0 1 1 0 0 0 0 0 0 0 0 0 0 0 0 0 0 1 0 1 0 0 0 0 0
 0 0 0 0 0 0 0 1 1 0 0 0 2 0 0 0 0 0 0 0 0 0 0 0 0 0 0 0 1 0 1 1 0 0 0 0
TRP
 0 0 0 0 0 0 0 0 0 0 0 0 0 0 0 0 0 0 0 0 0 0 0 0 0 0 0 0 0 0 0 0 0 0 0 0
 0 0 0 0 0 0 0 0 0 0 0 0 0 0 0 0 0 0 0 0 0 0 0 0 0 0 0 0 0 0 0 0 0 0 0 0
 0 0 0 0 0 0 0 0 0 0 0 0 0 0 0 0 0 0 0 0 0 0 0 0 0 0 0 0 0 0 0 0 0 0 0 0
 0 0 0 0 0 0 0 0 0 0 0 0 0 0 0 0 0 0 0 0 0 0 0 0 0 0 0 0 0 0 0 0 0 0 0 1
 0 0 0 0 1 1 1 0 0 1 0 0 0 0 0 0 0 0 0 0 0 0 0 1 0 0 0 0 0 0 0 0 0 0 0 0
 0 0 0 4 6 8 2 0 0 0 0 0 0 0 0 0 0 0 0 0 0 0 1 1 0 0 0 0 0 0 0 0 0 0 0 0
 1 3 6 7 13 3 2 1 1 0 0 0 1 0 0 0 0 0 0 1 0 0 0 1 0 1 0 1 0 0 0 1 0 0 0 0
 3 3 4 1 0 0 1 0 0 1 0 0 0 0 0 0 0 0 0 0 0 0 0 0 0 0 0 0 0 0 1 0 0 0 0 0
 2 2 0 1 0 0 0 0 0 0 0 0 0 0 0 0 0 0 0 0 0 0 0 0 0 0 0 0 0 0 0 0 0 0 2 1
 0 0 0 0 1 0 0 0 0 0 0 0 0 0 0 0 0 0 0 0 0 0 0 0 0 0 0 0 0 0 0 0 0 0 0 3
 0 0 0 0 0 0 0 0 0 0 0 0 0 0 0 0 0 0 0 0 0 0 0 0 0 0 0 0 0 0 0 0 0 0 0 0
 0 0 0 0 0 0 0 0 0 0 0 0 0 0 0 0 0 0 0 0 0 0 0 0 0 0 0 0 0 0 0 0 0 0 0 0
 0 0 0 0 0 0 0 0 0 0 0 0 0 0 0 0 0 0 0 0 0 0 0 0 0 0 0 0 0 0 0 0 0 0 0 0
 0 0 0 0 0 0 0 0 0 0 0 0 0 0 0 0 0 0 0 0 0 0 0 0 0 0 0 0 0 0 0 0 0 0 0 0
 0 0 0 0 0 0 0 0 0 0 0 0 0 0 0 0 0 0 0 0 0 0 0 0 0 0 0 0 0 0 0 0 0 0 0 0
 0 0 0 0 0 0 0 0 0 0 0 0 0 0 0 0 0 0 0 0 0 0 0 0 0 0 0 0 0 0 0 0 0 0 0 0
 0 0 0 0 0 0 0 0 0 0 0 0 0 0 0 0 0 0 0 0 0 0 0 0 0 0 0 0 0 0 0 0 0 0 0 0
 0 0 0 0 0 0 0 0 0 0 0 0 0 0 0 0 1 0 0 0 0 0 0 0 0 0 0 1 0 0 0 0 0 0 0 0
 0 0 0 0 0 0 0 0 0 0 0 0 1 1 0 0 3 1 0 0 0 0 0 0 0 0 0 0 0 0 0 0 1 0 0 0
 0 0 0 0 0 0 2 0 0 0 0 2 1 2 6 3 12 11 7 1 0 0 0 0 0 0 0 0 0 0 0 0 0 0 0 0
 0 0 0 0 0 0 1 2 2 0 1 2 4 5 12 40 62 51 9 2 1 0 0 0 0 0 0 0 0 0 0 0 1 0 0 0
 0 1 1 0 0 0 2 3 3 3 4 6 12 12 19 35 57 59 11 2 2 1 0 0 0 0 0 0 0 1 1 0 2 1 1 0
 4 1 2 0 0 1 2 4 2 3 4 10 20 29 38 54 74 19 6 1 1 0 0 0 0 0 1 0 0 2 1 2 2 0 2 1
 6 3 2 2 0 1 2 7 6 10 10 13 40 47 70 78 44 16 3 0 1 0 0 0 0 1 0 2 0 0 2 3 1 7 3 6
 13 14 7 10 4 1 3 2 4 7 12 33 44 55 74 77 35 7 1 2 0 0 0 1 1 1 0 0 1 0 3 1 3 8 9 15
 15 31 22 7 0 1 0 1 0 6 17 32 42 56 57 58 22 9 4 0 0 2 1 0 0 0 1 2 1 1 2 2 5 12 9 12
 39 34 21 4 3 2 1 0 2 4 13 35 54 54 63 29 23 10 3 2 0 0 0 0 0 2 0 0 0 1 5 4 11 11 15 26
 34 15 12 1 1 3 6 8 3 6 10 30 53 61 64 47 23 8 2 0 0 1 0 0 0 0 0 0 2 3 4 8 8 23 19 47
 31 8 2 1 0 0 3 4 7 2 12 17 38 53 71 42 25 7 3 0 0 1 1 0 0 0 0 0 0 0 7 20 45 53 41 65
 11 3 0 0 0 1 0 1 1 2 3 8 34 57 85 47 12 8 0 2 0 0 0 0 0 0 0 0 0 2 20 158 340 214 114 52
 2 1 0 0 0 0 0 1 0 0 2 1 13 48 54 41 6 1 0 0 0 0 0 0 0 0 0 0 1 2 33 481 631 210 86 15
 1 0 0 0 0 0 0 0 0 0 0 1 9 16 18 4 0 1 0 0 0 0 1 0 0 0 0 0 0 3 22 106 97 40 7 0
 0 0 0 0 0 0 0 0 0 0 0 0 2 5 1 2 0 0 0 0 0 0 0 0 0 0 0 1 0 2 12 11 7 1 0 0
 0 0 0 0 0 0 0 0 0 0 0 0 0 1 0 0 0 0 0 0 0 0 0 0 0 0 0 0 0 1 2 2 0 0 0 0
 1 0 0 0 0 0 0 0 0 0 0 1 0 0 0 0 0 0 0 0 0 0 0 0 0 0 0 0 0 0 0 1 0 0 0 0
 0 0 0 0 0 0 0 0 0 0 0 0 0 0 0 0 0 0 0 0 0 0 0 0 0 0 0 0 0 0 0 1 0 0 0 0
TYR
 0 0 0 0 0 0 0 0 0 0 0 0 0 0 0 0 0 0 0 0 0 0 0 0 0 0 0 0 0 1 0 0 1 0 0 0
 0 0 0 0 0 0 0 0 1 0 0 0 0 0 0 0 0 0 0 0 0 0 0 0 0 0 0 0 1 0 0 0 0 0 0 0
 0 0 0 0 1 1 0 0 0 0 0 0 0 0 0 0 0 0 0 0 0 0 0 0 0 0 0 0 0 0 0 0 0 0 0 0
 0 0 0 0 1 0 1 1 1 0 1 0 0 0 0 0 1 0 0 0 0 0 0 0 0 0 0 0 0 0 0 0 0 0 0 0
 0 0 0 1 1 9 2 0 1 0 0 0 0 0 0 0 0 0 0 0 0 0 0 0 0 0 0 0 0 0 0 0 0 0 0 0
 0 1 3 9 30 20 9 2 1 1 0 1 0 0 0 0 0 0 0 0 0 1 0 1 2 1 0 0 0 0 0 0 0 0 0 0
 0 7 23 35 33 16 3 0 2 0 1 1 0 1 0 0 0 0 0 0 0 1 2 2 0 0 0 1 0 0 1 0 0 2 1 0
 8 17 17 10 4 3 0 0 0 1 0 0 1 0 0 0 1 0 1 0 0 0 0 0 0 0 0 2 1 1 0 2 2 1 3 3
 2 5 1 2 1 0 0 0 0 0 0 1 0 0 0 0 0 0 0 1 0 0 0 0 0 0 0 1 1 0 1 0 0 1 2 5
 0 0 0 0 0 0 0 0 0 0 0 0 0 1 0 0 0 0 0 0 0 0 0 0 0 0 0 0 1 0 0 0 0 0 1 1
 0 0 0 0 0 0 0 0 0 0 0 1 0 0 0 0 0 0 0 0 0 0 0 0 0 0 0 0 0 0 0 1 0 1 0 0
 0 0 0 0 0 0 0 0 0 0 0 0 0 0 0 0 0 0 0 0 0 0 0 0 0 0 0 0 0 0 0 0 0 0 0 0
 0 0 0 0 0 0 0 0 0 0 0 0 0 0 0 0 0 0 0 0 0 0 0 0 0 0 0 0 1 0 0 0 0 0 0 0
 0 0 0 0 0 0 0 0 0 0 0 0 0 0 0 0 1 0 0 0 0 0 0 0 0 0 0 0 0 0 0 0 0 0 0 0
 0 0 0 0 0 0 0 0 0 0 0 0 0 0 0 0 0 0 0 0 0 0 0 0 0 0 0 0 0 0 0 0 0 0 0 0
 0 0 0 0 0 0 0 0 0 0 0 0 0 0 0 0 0 0 0 0 0 0 0 0 0 0 0 0 0 0 0 0 0 0 0 0
 0 0 0 0 0 1 0 0 0 0 0 0 0 0 0 0 0 0 0 0 0 0 0 0 0 0 0 0 0 0 0 0 0 1 0 0
 0 0 0 0 0 0 0 0 0 0 0 0 0 0 2 0 1 1 0 0 0 0 0 0 0 0 0 0 0 0 0 0 0 0 0 0
 0 0 0 0 0 0 0 0 0 0 0 0 2 0 5 2 11 5 0 0 0 0 0 0 0 0 0 0 0 0 0 0 0 0 0 0
 0 2 0 0 0 0 0 0 0 0 0 3 4 5 9 18 36 46 8 0 0 0 0 0 0 0 0 1 0 0 0 0 0 0 0 2
 0 0 1 0 0 1 3 1 0 4 3 9 9 38 62 64 131 96 21 2 0 1 1 0 0 0 0 0 0 0 0 0 0 1 2 0
 2 0 1 0 2 1 0 4 1 2 4 18 36 69 64 116 225 120 27 4 4 1 0 0 0 0 0 0 0 1 0 0 1 2 2 1
 8 3 9 6 6 5 11 11 11 8 17 22 56 106 136 208 228 85 12 5 2 0 0 1 1 0 0 0 2 0 4 4 2 5 6 4
 23 14 24 6 6 6 32 43 23 17 23 52 100 158 239 263 193 66 12 2 3 0 0 0 1 1 0 0 1 1 4 4 8 6 6 20
 46 55 41 17 16 6 10 19 23 24 36 75 118 203 237 207 124 43 14 6 1 0 1 3 1 0 3 0 1 5 2 10 12 16 25 46
 82 97 72 35 11 5 3 4 5 12 38 77 154 209 204 176 89 38 6 5 1 3 2 0 1 0 1 0 0 1 6 17 26 24 46 58
 128 151 62 6 5 3 2 6 8 11 28 73 107 184 177 112 49 24 9 5 1 0 1 1 0 2 0 0 2 3 9 12 31 33 54 73
 100 50 16 1 2 4 7 14 16 11 32 61 82 142 117 96 46 26 7 3 1 1 0 2 1 0 1 0 2 0 14 15 30 45 46 91
 60 17 3 2 1 0 4 13 10 7 17 33 80 98 127 108 57 25 5 1 0 0 1 0 1 1 0 1 0 3 17 47 100 109 86 104
 24 6 2 1 0 0 0 0 2 3 5 12 42 115 123 110 48 14 4 0 0 0 0 0 0 0 0 0 0 7 36 360 714 395 147 82
 5 1 0 0 0 0 1 1 0 2 0 7 42 147 121 76 19 2 0 0 0 0 0 0 0 1 0 2 0 9 100 1452 1161 321 117 19
 1 0 0 0 0 0 0 0 0 0 0 2 19 49 40 12 4 0 0 0 0 0 0 0 0 0 0 1 2 3 53 310 183 49 13 2
 0 0 0 0 0 0 0 0 0 0 1 2 2 7 4 1 1 1 0 0 0 0 0 0 0 0 0 0 2 3 25 24 14 1 3 0
 0 0 0 0 0 0 0 1 0 0 0 2 1 1 0 0 0 1 0 0 0 0 0 0 0 0 0 1 0 0 2 2 0 2 0 0
 0 0 0 0 0 0 0 0 0 0 0 0 0 1 1 0 0 0 0 0 0 0 0 0 0 0 0 0 1 1 0 0 0 0 0 0
 0 0 0 0 0 0 0 0 0 0 0 0 0 1 0 0 0 0 0 0 0 0 0 0 0 0 0 0 0 0 0 0 0 0 0 0
